Q2	Fs	dFs
0.0000E+00	-6.9443E-18	2.5491E-18
1.0000E-02	8.3939E-05	2.8743E-05
2.0000E-02	1.6426E-04	5.2945E-05
3.0000E-02	2.4111E-04	7.3120E-05
4.0000E-02	3.1466E-04	8.9730E-05
5.0000E-02	3.8504E-04	1.0320E-04
6.0000E-02	4.5239E-04	1.1390E-04
7.0000E-02	5.1683E-04	1.2219E-04
8.0000E-02	5.7850E-04	1.2840E-04
9.0000E-02	6.3750E-04	1.3283E-04
1.0000E-01	6.9395E-04	1.3576E-04
1.1000E-01	7.4796E-04	1.3748E-04
1.2000E-01	7.9962E-04	1.3825E-04
1.3000E-01	8.4904E-04	1.3833E-04
1.4000E-01	8.9630E-04	1.3798E-04
1.5000E-01	9.4149E-04	1.3745E-04
1.6000E-01	9.8469E-04	1.3699E-04
1.7000E-01	1.0260E-03	1.3683E-04
1.8000E-01	1.0655E-03	1.3718E-04
1.9000E-01	1.1032E-03	1.3825E-04
2.0000E-01	1.1392E-03	1.4019E-04
2.1000E-01	1.1736E-03	1.4311E-04
2.2000E-01	1.2065E-03	1.4708E-04
2.3000E-01	1.2378E-03	1.5212E-04
2.4000E-01	1.2677E-03	1.5822E-04
2.5000E-01	1.2963E-03	1.6532E-04
2.6000E-01	1.3235E-03	1.7336E-04
2.7000E-01	1.3494E-03	1.8223E-04
2.8000E-01	1.3741E-03	1.9185E-04
2.9000E-01	1.3976E-03	2.0212E-04
3.0000E-01	1.4200E-03	2.1296E-04
3.1000E-01	1.4413E-03	2.2427E-04
3.2000E-01	1.4615E-03	2.3599E-04
3.3000E-01	1.4807E-03	2.4804E-04
3.4000E-01	1.4990E-03	2.6036E-04
3.5000E-01	1.5163E-03	2.7290E-04
3.6000E-01	1.5327E-03	2.8561E-04
3.7000E-01	1.5482E-03	2.9844E-04
3.8000E-01	1.5629E-03	3.1136E-04
3.9000E-01	1.5768E-03	3.2433E-04
4.0000E-01	1.5899E-03	3.3733E-04
4.1000E-01	1.6022E-03	3.5033E-04
4.2000E-01	1.6139E-03	3.6330E-04
4.3000E-01	1.6248E-03	3.7623E-04
4.4000E-01	1.6351E-03	3.8910E-04
4.5000E-01	1.6447E-03	4.0189E-04
4.6000E-01	1.6537E-03	4.1459E-04
4.7000E-01	1.6622E-03	4.2718E-04
4.8000E-01	1.6700E-03	4.3966E-04
4.9000E-01	1.6773E-03	4.5202E-04
5.0000E-01	1.6840E-03	4.6424E-04
5.1000E-01	1.6903E-03	4.7633E-04
5.2000E-01	1.6960E-03	4.8827E-04
5.3000E-01	1.7012E-03	5.0006E-04
5.4000E-01	1.7060E-03	5.1169E-04
5.5000E-01	1.7104E-03	5.2316E-04
5.6000E-01	1.7143E-03	5.3447E-04
5.7000E-01	1.7178E-03	5.4562E-04
5.8000E-01	1.7209E-03	5.5659E-04
5.9000E-01	1.7236E-03	5.6740E-04
6.0000E-01	1.7260E-03	5.7803E-04
6.1000E-01	1.7280E-03	5.8848E-04
6.2000E-01	1.7297E-03	5.9877E-04
6.3000E-01	1.7310E-03	6.0888E-04
6.4000E-01	1.7320E-03	6.1881E-04
6.5000E-01	1.7327E-03	6.2857E-04
6.6000E-01	1.7331E-03	6.3815E-04
6.7000E-01	1.7332E-03	6.4756E-04
6.8000E-01	1.7331E-03	6.5679E-04
6.9000E-01	1.7327E-03	6.6585E-04
7.0000E-01	1.7320E-03	6.7474E-04
7.1000E-01	1.7311E-03	6.8345E-04
7.2000E-01	1.7299E-03	6.9199E-04
7.3000E-01	1.7285E-03	7.0037E-04
7.4000E-01	1.7269E-03	7.0857E-04
7.5000E-01	1.7251E-03	7.1661E-04
7.6000E-01	1.7231E-03	7.2449E-04
7.7000E-01	1.7209E-03	7.3220E-04
7.8000E-01	1.7185E-03	7.3974E-04
7.9000E-01	1.7160E-03	7.4713E-04
8.0000E-01	1.7132E-03	7.5436E-04
8.1000E-01	1.7103E-03	7.6143E-04
8.2000E-01	1.7072E-03	7.6835E-04
8.3000E-01	1.7040E-03	7.7511E-04
8.4000E-01	1.7006E-03	7.8172E-04
8.5000E-01	1.6971E-03	7.8818E-04
8.6000E-01	1.6935E-03	7.9449E-04
8.7000E-01	1.6897E-03	8.0066E-04
8.8000E-01	1.6858E-03	8.0668E-04
8.9000E-01	1.6818E-03	8.1256E-04
9.0000E-01	1.6776E-03	8.1831E-04
9.1000E-01	1.6734E-03	8.2391E-04
9.2000E-01	1.6690E-03	8.2937E-04
9.3000E-01	1.6645E-03	8.3471E-04
9.4000E-01	1.6600E-03	8.3991E-04
9.5000E-01	1.6553E-03	8.4498E-04
9.6000E-01	1.6506E-03	8.4992E-04
9.7000E-01	1.6458E-03	8.5473E-04
9.8000E-01	1.6408E-03	8.5942E-04
9.9000E-01	1.6359E-03	8.6398E-04
1.0000E+00	1.6308E-03	8.6843E-04
1.0100E+00	1.6257E-03	8.7276E-04
1.0200E+00	1.6205E-03	8.7696E-04
1.0300E+00	1.6152E-03	8.8106E-04
1.0400E+00	1.6099E-03	8.8504E-04
1.0500E+00	1.6045E-03	8.8890E-04
1.0600E+00	1.5990E-03	8.9266E-04
1.0700E+00	1.5935E-03	8.9631E-04
1.0800E+00	1.5880E-03	8.9985E-04
1.0900E+00	1.5824E-03	9.0329E-04
1.1000E+00	1.5768E-03	9.0662E-04
1.1100E+00	1.5711E-03	9.0986E-04
1.1200E+00	1.5654E-03	9.1299E-04
1.1300E+00	1.5596E-03	9.1602E-04
1.1400E+00	1.5538E-03	9.1896E-04
1.1500E+00	1.5480E-03	9.2181E-04
1.1600E+00	1.5421E-03	9.2456E-04
1.1700E+00	1.5362E-03	9.2721E-04
1.1800E+00	1.5303E-03	9.2978E-04
1.1900E+00	1.5244E-03	9.3226E-04
1.2000E+00	1.5184E-03	9.3466E-04
1.2100E+00	1.5124E-03	9.3696E-04
1.2200E+00	1.5064E-03	9.3918E-04
1.2300E+00	1.5004E-03	9.4132E-04
1.2400E+00	1.4944E-03	9.4338E-04
1.2500E+00	1.4883E-03	9.4536E-04
1.2600E+00	1.4822E-03	9.4726E-04
1.2700E+00	1.4762E-03	9.4908E-04
1.2800E+00	1.4701E-03	9.5083E-04
1.2900E+00	1.4640E-03	9.5250E-04
1.3000E+00	1.4578E-03	9.5410E-04
1.3100E+00	1.4517E-03	9.5563E-04
1.3200E+00	1.4456E-03	9.5709E-04
1.3300E+00	1.4395E-03	9.5847E-04
1.3400E+00	1.4333E-03	9.5979E-04
1.3500E+00	1.4272E-03	9.6104E-04
1.3600E+00	1.4211E-03	9.6223E-04
1.3700E+00	1.4149E-03	9.6335E-04
1.3800E+00	1.4088E-03	9.6441E-04
1.3900E+00	1.4026E-03	9.6541E-04
1.4000E+00	1.3965E-03	9.6634E-04
1.4100E+00	1.3904E-03	9.6722E-04
1.4200E+00	1.3842E-03	9.6803E-04
1.4300E+00	1.3781E-03	9.6879E-04
1.4400E+00	1.3720E-03	9.6949E-04
1.4500E+00	1.3659E-03	9.7014E-04
1.4600E+00	1.3598E-03	9.7073E-04
1.4700E+00	1.3537E-03	9.7126E-04
1.4800E+00	1.3476E-03	9.7175E-04
1.4900E+00	1.3415E-03	9.7218E-04
1.5000E+00	1.3354E-03	9.7256E-04
1.5100E+00	1.3294E-03	9.7289E-04
1.5200E+00	1.3233E-03	9.7317E-04
1.5300E+00	1.3173E-03	9.7340E-04
1.5400E+00	1.3113E-03	9.7359E-04
1.5500E+00	1.3053E-03	9.7373E-04
1.5600E+00	1.2993E-03	9.7382E-04
1.5700E+00	1.2933E-03	9.7387E-04
1.5800E+00	1.2873E-03	9.7388E-04
1.5900E+00	1.2813E-03	9.7384E-04
1.6000E+00	1.2754E-03	9.7376E-04
1.6100E+00	1.2695E-03	9.7364E-04
1.6200E+00	1.2636E-03	9.7348E-04
1.6300E+00	1.2577E-03	9.7328E-04
1.6400E+00	1.2518E-03	9.7304E-04
1.6500E+00	1.2459E-03	9.7276E-04
1.6600E+00	1.2401E-03	9.7245E-04
1.6700E+00	1.2343E-03	9.7210E-04
1.6800E+00	1.2285E-03	9.7171E-04
1.6900E+00	1.2227E-03	9.7128E-04
1.7000E+00	1.2169E-03	9.7082E-04
1.7100E+00	1.2112E-03	9.7033E-04
1.7200E+00	1.2054E-03	9.6980E-04
1.7300E+00	1.1997E-03	9.6924E-04
1.7400E+00	1.1941E-03	9.6865E-04
1.7500E+00	1.1884E-03	9.6803E-04
1.7600E+00	1.1827E-03	9.6737E-04
1.7700E+00	1.1771E-03	9.6669E-04
1.7800E+00	1.1715E-03	9.6598E-04
1.7900E+00	1.1659E-03	9.6523E-04
1.8000E+00	1.1603E-03	9.6446E-04
1.8100E+00	1.1548E-03	9.6366E-04
1.8200E+00	1.1493E-03	9.6283E-04
1.8300E+00	1.1438E-03	9.6198E-04
1.8400E+00	1.1383E-03	9.6110E-04
1.8500E+00	1.1328E-03	9.6019E-04
1.8600E+00	1.1274E-03	9.5926E-04
1.8700E+00	1.1220E-03	9.5831E-04
1.8800E+00	1.1166E-03	9.5733E-04
1.8900E+00	1.1112E-03	9.5632E-04
1.9000E+00	1.1059E-03	9.5530E-04
1.9100E+00	1.1005E-03	9.5425E-04
1.9200E+00	1.0952E-03	9.5317E-04
1.9300E+00	1.0900E-03	9.5208E-04
1.9400E+00	1.0847E-03	9.5097E-04
1.9500E+00	1.0795E-03	9.4983E-04
1.9600E+00	1.0742E-03	9.4867E-04
1.9700E+00	1.0691E-03	9.4750E-04
1.9800E+00	1.0639E-03	9.4630E-04
1.9900E+00	1.0587E-03	9.4508E-04
2.0000E+00	1.0536E-03	9.4385E-04
2.0100E+00	1.0485E-03	9.4260E-04
2.0200E+00	1.0435E-03	9.4133E-04
2.0300E+00	1.0384E-03	9.4004E-04
2.0400E+00	1.0334E-03	9.3873E-04
2.0500E+00	1.0284E-03	9.3741E-04
2.0600E+00	1.0234E-03	9.3607E-04
2.0700E+00	1.0184E-03	9.3472E-04
2.0800E+00	1.0135E-03	9.3335E-04
2.0900E+00	1.0086E-03	9.3196E-04
2.1000E+00	1.0037E-03	9.3056E-04
2.1100E+00	9.9882E-04	9.2915E-04
2.1200E+00	9.9398E-04	9.2772E-04
2.1300E+00	9.8915E-04	9.2628E-04
2.1400E+00	9.8436E-04	9.2482E-04
2.1500E+00	9.7958E-04	9.2335E-04
2.1600E+00	9.7483E-04	9.2186E-04
2.1700E+00	9.7010E-04	9.2037E-04
2.1800E+00	9.6540E-04	9.1886E-04
2.1900E+00	9.6072E-04	9.1734E-04
2.2000E+00	9.5606E-04	9.1581E-04
2.2100E+00	9.5142E-04	9.1426E-04
2.2200E+00	9.4681E-04	9.1271E-04
2.2300E+00	9.4222E-04	9.1114E-04
2.2400E+00	9.3765E-04	9.0956E-04
2.2500E+00	9.3311E-04	9.0798E-04
2.2600E+00	9.2858E-04	9.0638E-04
2.2700E+00	9.2408E-04	9.0477E-04
2.2800E+00	9.1961E-04	9.0316E-04
2.2900E+00	9.1515E-04	9.0153E-04
2.3000E+00	9.1072E-04	8.9989E-04
2.3100E+00	9.0631E-04	8.9825E-04
2.3200E+00	9.0192E-04	8.9660E-04
2.3300E+00	8.9756E-04	8.9493E-04
2.3400E+00	8.9322E-04	8.9326E-04
2.3500E+00	8.8890E-04	8.9159E-04
2.3600E+00	8.8460E-04	8.8990E-04
2.3700E+00	8.8032E-04	8.8821E-04
2.3800E+00	8.7607E-04	8.8651E-04
2.3900E+00	8.7183E-04	8.8480E-04
2.4000E+00	8.6762E-04	8.8309E-04
2.4100E+00	8.6343E-04	8.8137E-04
2.4200E+00	8.5927E-04	8.7964E-04
2.4300E+00	8.5512E-04	8.7791E-04
2.4400E+00	8.5100E-04	8.7617E-04
2.4500E+00	8.4689E-04	8.7442E-04
2.4600E+00	8.4281E-04	8.7267E-04
2.4700E+00	8.3875E-04	8.7091E-04
2.4800E+00	8.3471E-04	8.6915E-04
2.4900E+00	8.3070E-04	8.6738E-04
2.5000E+00	8.2670E-04	8.6561E-04
2.5100E+00	8.2272E-04	8.6383E-04
2.5200E+00	8.1877E-04	8.6205E-04
2.5300E+00	8.1483E-04	8.6027E-04
2.5400E+00	8.1092E-04	8.5848E-04
2.5500E+00	8.0703E-04	8.5668E-04
2.5600E+00	8.0316E-04	8.5488E-04
2.5700E+00	7.9930E-04	8.5308E-04
2.5800E+00	7.9547E-04	8.5127E-04
2.5900E+00	7.9166E-04	8.4946E-04
2.6000E+00	7.8787E-04	8.4765E-04
2.6100E+00	7.8410E-04	8.4584E-04
2.6200E+00	7.8035E-04	8.4402E-04
2.6300E+00	7.7662E-04	8.4219E-04
2.6400E+00	7.7291E-04	8.4037E-04
2.6500E+00	7.6922E-04	8.3854E-04
2.6600E+00	7.6554E-04	8.3671E-04
2.6700E+00	7.6189E-04	8.3488E-04
2.6800E+00	7.5826E-04	8.3304E-04
2.6900E+00	7.5465E-04	8.3121E-04
2.7000E+00	7.5105E-04	8.2937E-04
2.7100E+00	7.4748E-04	8.2753E-04
2.7200E+00	7.4392E-04	8.2568E-04
2.7300E+00	7.4039E-04	8.2384E-04
2.7400E+00	7.3687E-04	8.2199E-04
2.7500E+00	7.3337E-04	8.2014E-04
2.7600E+00	7.2989E-04	8.1830E-04
2.7700E+00	7.2643E-04	8.1645E-04
2.7800E+00	7.2299E-04	8.1459E-04
2.7900E+00	7.1957E-04	8.1274E-04
2.8000E+00	7.1616E-04	8.1089E-04
2.8100E+00	7.1277E-04	8.0903E-04
2.8200E+00	7.0940E-04	8.0718E-04
2.8300E+00	7.0605E-04	8.0532E-04
2.8400E+00	7.0272E-04	8.0347E-04
2.8500E+00	6.9941E-04	8.0161E-04
2.8600E+00	6.9611E-04	7.9976E-04
2.8700E+00	6.9283E-04	7.9790E-04
2.8800E+00	6.8957E-04	7.9604E-04
2.8900E+00	6.8632E-04	7.9418E-04
2.9000E+00	6.8310E-04	7.9233E-04
2.9100E+00	6.7989E-04	7.9047E-04
2.9200E+00	6.7670E-04	7.8861E-04
2.9300E+00	6.7352E-04	7.8676E-04
2.9400E+00	6.7036E-04	7.8490E-04
2.9500E+00	6.6722E-04	7.8304E-04
2.9600E+00	6.6410E-04	7.8119E-04
2.9700E+00	6.6099E-04	7.7933E-04
2.9800E+00	6.5790E-04	7.7748E-04
2.9900E+00	6.5483E-04	7.7563E-04
3.0000E+00	6.5177E-04	7.7377E-04
3.0100E+00	6.4873E-04	7.7192E-04
3.0200E+00	6.4571E-04	7.7007E-04
3.0300E+00	6.4270E-04	7.6822E-04
3.0400E+00	6.3971E-04	7.6637E-04
3.0500E+00	6.3674E-04	7.6453E-04
3.0600E+00	6.3378E-04	7.6268E-04
3.0700E+00	6.3084E-04	7.6083E-04
3.0800E+00	6.2791E-04	7.5899E-04
3.0900E+00	6.2500E-04	7.5715E-04
3.1000E+00	6.2210E-04	7.5531E-04
3.1100E+00	6.1922E-04	7.5347E-04
3.1200E+00	6.1636E-04	7.5163E-04
3.1300E+00	6.1351E-04	7.4979E-04
3.1400E+00	6.1068E-04	7.4796E-04
3.1500E+00	6.0786E-04	7.4613E-04
3.1600E+00	6.0506E-04	7.4430E-04
3.1700E+00	6.0227E-04	7.4247E-04
3.1800E+00	5.9950E-04	7.4064E-04
3.1900E+00	5.9674E-04	7.3881E-04
3.2000E+00	5.9400E-04	7.3699E-04
3.2100E+00	5.9127E-04	7.3517E-04
3.2200E+00	5.8855E-04	7.3335E-04
3.2300E+00	5.8586E-04	7.3153E-04
3.2400E+00	5.8317E-04	7.2972E-04
3.2500E+00	5.8050E-04	7.2790E-04
3.2600E+00	5.7785E-04	7.2609E-04
3.2700E+00	5.7521E-04	7.2429E-04
3.2800E+00	5.7258E-04	7.2248E-04
3.2900E+00	5.6997E-04	7.2068E-04
3.3000E+00	5.6737E-04	7.1887E-04
3.3100E+00	5.6478E-04	7.1708E-04
3.3200E+00	5.6221E-04	7.1528E-04
3.3300E+00	5.5966E-04	7.1349E-04
3.3400E+00	5.5711E-04	7.1169E-04
3.3500E+00	5.5458E-04	7.0991E-04
3.3600E+00	5.5207E-04	7.0812E-04
3.3700E+00	5.4956E-04	7.0634E-04
3.3800E+00	5.4708E-04	7.0456E-04
3.3900E+00	5.4460E-04	7.0278E-04
3.4000E+00	5.4214E-04	7.0100E-04
3.4100E+00	5.3969E-04	6.9923E-04
3.4200E+00	5.3725E-04	6.9746E-04
3.4300E+00	5.3483E-04	6.9569E-04
3.4400E+00	5.3242E-04	6.9393E-04
3.4500E+00	5.3002E-04	6.9217E-04
3.4600E+00	5.2764E-04	6.9041E-04
3.4700E+00	5.2527E-04	6.8866E-04
3.4800E+00	5.2291E-04	6.8690E-04
3.4900E+00	5.2056E-04	6.8516E-04
3.5000E+00	5.1823E-04	6.8341E-04
3.5100E+00	5.1591E-04	6.8167E-04
3.5200E+00	5.1360E-04	6.7993E-04
3.5300E+00	5.1130E-04	6.7819E-04
3.5400E+00	5.0902E-04	6.7646E-04
3.5500E+00	5.0674E-04	6.7473E-04
3.5600E+00	5.0448E-04	6.7300E-04
3.5700E+00	5.0224E-04	6.7128E-04
3.5800E+00	5.0000E-04	6.6956E-04
3.5900E+00	4.9778E-04	6.6784E-04
3.6000E+00	4.9556E-04	6.6612E-04
3.6100E+00	4.9336E-04	6.6441E-04
3.6200E+00	4.9117E-04	6.6271E-04
3.6300E+00	4.8900E-04	6.6100E-04
3.6400E+00	4.8683E-04	6.5930E-04
3.6500E+00	4.8468E-04	6.5760E-04
3.6600E+00	4.8253E-04	6.5591E-04
3.6700E+00	4.8040E-04	6.5422E-04
3.6800E+00	4.7828E-04	6.5253E-04
3.6900E+00	4.7617E-04	6.5085E-04
3.7000E+00	4.7407E-04	6.4917E-04
3.7100E+00	4.7199E-04	6.4749E-04
3.7200E+00	4.6991E-04	6.4582E-04
3.7300E+00	4.6785E-04	6.4415E-04
3.7400E+00	4.6579E-04	6.4248E-04
3.7500E+00	4.6375E-04	6.4082E-04
3.7600E+00	4.6172E-04	6.3916E-04
3.7700E+00	4.5970E-04	6.3750E-04
3.7800E+00	4.5769E-04	6.3585E-04
3.7900E+00	4.5568E-04	6.3420E-04
3.8000E+00	4.5370E-04	6.3255E-04
3.8100E+00	4.5172E-04	6.3091E-04
3.8200E+00	4.4975E-04	6.2927E-04
3.8300E+00	4.4779E-04	6.2764E-04
3.8400E+00	4.4584E-04	6.2601E-04
3.8500E+00	4.4390E-04	6.2438E-04
3.8600E+00	4.4197E-04	6.2276E-04
3.8700E+00	4.4006E-04	6.2114E-04
3.8800E+00	4.3815E-04	6.1952E-04
3.8900E+00	4.3625E-04	6.1791E-04
3.9000E+00	4.3436E-04	6.1630E-04
3.9100E+00	4.3248E-04	6.1469E-04
3.9200E+00	4.3061E-04	6.1309E-04
3.9300E+00	4.2876E-04	6.1149E-04
3.9400E+00	4.2691E-04	6.0990E-04
3.9500E+00	4.2507E-04	6.0831E-04
3.9600E+00	4.2324E-04	6.0672E-04
3.9700E+00	4.2142E-04	6.0514E-04
3.9800E+00	4.1961E-04	6.0356E-04
3.9900E+00	4.1781E-04	6.0198E-04
4.0000E+00	4.1601E-04	6.0041E-04
4.0100E+00	4.1423E-04	5.9884E-04
4.0200E+00	4.1246E-04	5.9728E-04
4.0300E+00	4.1069E-04	5.9572E-04
4.0400E+00	4.0894E-04	5.9416E-04
4.0500E+00	4.0719E-04	5.9261E-04
4.0600E+00	4.0545E-04	5.9106E-04
4.0700E+00	4.0373E-04	5.8951E-04
4.0800E+00	4.0201E-04	5.8797E-04
4.0900E+00	4.0030E-04	5.8643E-04
4.1000E+00	3.9860E-04	5.8490E-04
4.1100E+00	3.9690E-04	5.8337E-04
4.1200E+00	3.9522E-04	5.8184E-04
4.1300E+00	3.9354E-04	5.8031E-04
4.1400E+00	3.9188E-04	5.7880E-04
4.1500E+00	3.9022E-04	5.7728E-04
4.1600E+00	3.8857E-04	5.7577E-04
4.1700E+00	3.8693E-04	5.7426E-04
4.1800E+00	3.8530E-04	5.7275E-04
4.1900E+00	3.8367E-04	5.7125E-04
4.2000E+00	3.8205E-04	5.6976E-04
4.2100E+00	3.8045E-04	5.6826E-04
4.2200E+00	3.7885E-04	5.6677E-04
4.2300E+00	3.7726E-04	5.6529E-04
4.2400E+00	3.7567E-04	5.6381E-04
4.2500E+00	3.7410E-04	5.6233E-04
4.2600E+00	3.7253E-04	5.6086E-04
4.2700E+00	3.7097E-04	5.5938E-04
4.2800E+00	3.6942E-04	5.5792E-04
4.2900E+00	3.6788E-04	5.5645E-04
4.3000E+00	3.6634E-04	5.5500E-04
4.3100E+00	3.6481E-04	5.5354E-04
4.3200E+00	3.6329E-04	5.5209E-04
4.3300E+00	3.6178E-04	5.5064E-04
4.3400E+00	3.6028E-04	5.4920E-04
4.3500E+00	3.5878E-04	5.4776E-04
4.3600E+00	3.5729E-04	5.4632E-04
4.3700E+00	3.5581E-04	5.4489E-04
4.3800E+00	3.5433E-04	5.4346E-04
4.3900E+00	3.5287E-04	5.4203E-04
4.4000E+00	3.5141E-04	5.4061E-04
4.4100E+00	3.4996E-04	5.3919E-04
4.4200E+00	3.4851E-04	5.3778E-04
4.4300E+00	3.4707E-04	5.3637E-04
4.4400E+00	3.4564E-04	5.3496E-04
4.4500E+00	3.4422E-04	5.3356E-04
4.4600E+00	3.4280E-04	5.3216E-04
4.4700E+00	3.4140E-04	5.3076E-04
4.4800E+00	3.3999E-04	5.2937E-04
4.4900E+00	3.3860E-04	5.2799E-04
4.5000E+00	3.3721E-04	5.2660E-04
4.5100E+00	3.3583E-04	5.2522E-04
4.5200E+00	3.3446E-04	5.2384E-04
4.5300E+00	3.3309E-04	5.2247E-04
4.5400E+00	3.3173E-04	5.2110E-04
4.5500E+00	3.3038E-04	5.1974E-04
4.5600E+00	3.2903E-04	5.1837E-04
4.5700E+00	3.2769E-04	5.1701E-04
4.5800E+00	3.2636E-04	5.1566E-04
4.5900E+00	3.2503E-04	5.1431E-04
4.6000E+00	3.2371E-04	5.1296E-04
4.6100E+00	3.2239E-04	5.1162E-04
4.6200E+00	3.2109E-04	5.1028E-04
4.6300E+00	3.1979E-04	5.0894E-04
4.6400E+00	3.1849E-04	5.0761E-04
4.6500E+00	3.1721E-04	5.0628E-04
4.6600E+00	3.1592E-04	5.0495E-04
4.6700E+00	3.1465E-04	5.0363E-04
4.6800E+00	3.1338E-04	5.0232E-04
4.6900E+00	3.1212E-04	5.0100E-04
4.7000E+00	3.1086E-04	4.9969E-04
4.7100E+00	3.0961E-04	4.9838E-04
4.7200E+00	3.0837E-04	4.9708E-04
4.7300E+00	3.0713E-04	4.9578E-04
4.7400E+00	3.0590E-04	4.9448E-04
4.7500E+00	3.0467E-04	4.9319E-04
4.7600E+00	3.0345E-04	4.9190E-04
4.7700E+00	3.0224E-04	4.9061E-04
4.7800E+00	3.0103E-04	4.8933E-04
4.7900E+00	2.9983E-04	4.8805E-04
4.8000E+00	2.9863E-04	4.8678E-04
4.8100E+00	2.9744E-04	4.8551E-04
4.8200E+00	2.9626E-04	4.8424E-04
4.8300E+00	2.9508E-04	4.8298E-04
4.8400E+00	2.9391E-04	4.8171E-04
4.8500E+00	2.9274E-04	4.8046E-04
4.8600E+00	2.9158E-04	4.7920E-04
4.8700E+00	2.9043E-04	4.7795E-04
4.8800E+00	2.8928E-04	4.7671E-04
4.8900E+00	2.8813E-04	4.7546E-04
4.9000E+00	2.8699E-04	4.7422E-04
4.9100E+00	2.8586E-04	4.7299E-04
4.9200E+00	2.8473E-04	4.7175E-04
4.9300E+00	2.8361E-04	4.7052E-04
4.9400E+00	2.8249E-04	4.6930E-04
4.9500E+00	2.8138E-04	4.6808E-04
4.9600E+00	2.8027E-04	4.6686E-04
4.9700E+00	2.7917E-04	4.6564E-04
4.9800E+00	2.7808E-04	4.6443E-04
4.9900E+00	2.7699E-04	4.6322E-04
5.0000E+00	2.7590E-04	4.6202E-04
5.0100E+00	2.7482E-04	4.6081E-04
5.0200E+00	2.7375E-04	4.5962E-04
5.0300E+00	2.7268E-04	4.5842E-04
5.0400E+00	2.7161E-04	4.5723E-04
5.0500E+00	2.7056E-04	4.5604E-04
5.0600E+00	2.6950E-04	4.5486E-04
5.0700E+00	2.6845E-04	4.5368E-04
5.0800E+00	2.6741E-04	4.5250E-04
5.0900E+00	2.6637E-04	4.5132E-04
5.1000E+00	2.6534E-04	4.5015E-04
5.1100E+00	2.6431E-04	4.4898E-04
5.1200E+00	2.6328E-04	4.4782E-04
5.1300E+00	2.6226E-04	4.4666E-04
5.1400E+00	2.6125E-04	4.4550E-04
5.1500E+00	2.6024E-04	4.4434E-04
5.1600E+00	2.5923E-04	4.4319E-04
5.1700E+00	2.5823E-04	4.4204E-04
5.1800E+00	2.5724E-04	4.4090E-04
5.1900E+00	2.5625E-04	4.3976E-04
5.2000E+00	2.5526E-04	4.3862E-04
5.2100E+00	2.5428E-04	4.3749E-04
5.2200E+00	2.5330E-04	4.3635E-04
5.2300E+00	2.5233E-04	4.3523E-04
5.2400E+00	2.5136E-04	4.3410E-04
5.2500E+00	2.5040E-04	4.3298E-04
5.2600E+00	2.4944E-04	4.3186E-04
5.2700E+00	2.4849E-04	4.3074E-04
5.2800E+00	2.4754E-04	4.2963E-04
5.2900E+00	2.4660E-04	4.2852E-04
5.3000E+00	2.4566E-04	4.2742E-04
5.3100E+00	2.4472E-04	4.2631E-04
5.3200E+00	2.4379E-04	4.2521E-04
5.3300E+00	2.4286E-04	4.2412E-04
5.3400E+00	2.4194E-04	4.2302E-04
5.3500E+00	2.4102E-04	4.2193E-04
5.3600E+00	2.4010E-04	4.2085E-04
5.3700E+00	2.3919E-04	4.1976E-04
5.3800E+00	2.3829E-04	4.1868E-04
5.3900E+00	2.3739E-04	4.1761E-04
5.4000E+00	2.3649E-04	4.1653E-04
5.4100E+00	2.3560E-04	4.1546E-04
5.4200E+00	2.3471E-04	4.1439E-04
5.4300E+00	2.3382E-04	4.1333E-04
5.4400E+00	2.3294E-04	4.1226E-04
5.4500E+00	2.3207E-04	4.1121E-04
5.4600E+00	2.3119E-04	4.1015E-04
5.4700E+00	2.3033E-04	4.0910E-04
5.4800E+00	2.2946E-04	4.0805E-04
5.4900E+00	2.2860E-04	4.0700E-04
5.5000E+00	2.2774E-04	4.0596E-04
5.5100E+00	2.2689E-04	4.0492E-04
5.5200E+00	2.2604E-04	4.0388E-04
5.5300E+00	2.2520E-04	4.0284E-04
5.5400E+00	2.2436E-04	4.0181E-04
5.5500E+00	2.2352E-04	4.0078E-04
5.5600E+00	2.2269E-04	3.9976E-04
5.5700E+00	2.2186E-04	3.9874E-04
5.5800E+00	2.2103E-04	3.9772E-04
5.5900E+00	2.2021E-04	3.9670E-04
5.6000E+00	2.1939E-04	3.9569E-04
5.6100E+00	2.1858E-04	3.9467E-04
5.6200E+00	2.1777E-04	3.9367E-04
5.6300E+00	2.1696E-04	3.9266E-04
5.6400E+00	2.1616E-04	3.9166E-04
5.6500E+00	2.1536E-04	3.9066E-04
5.6600E+00	2.1456E-04	3.8966E-04
5.6700E+00	2.1377E-04	3.8867E-04
5.6800E+00	2.1298E-04	3.8768E-04
5.6900E+00	2.1220E-04	3.8669E-04
5.7000E+00	2.1142E-04	3.8571E-04
5.7100E+00	2.1064E-04	3.8473E-04
5.7200E+00	2.0987E-04	3.8375E-04
5.7300E+00	2.0910E-04	3.8277E-04
5.7400E+00	2.0833E-04	3.8180E-04
5.7500E+00	2.0757E-04	3.8083E-04
5.7600E+00	2.0680E-04	3.7986E-04
5.7700E+00	2.0605E-04	3.7890E-04
5.7800E+00	2.0529E-04	3.7794E-04
5.7900E+00	2.0454E-04	3.7698E-04
5.8000E+00	2.0380E-04	3.7602E-04
5.8100E+00	2.0306E-04	3.7507E-04
5.8200E+00	2.0232E-04	3.7412E-04
5.8300E+00	2.0158E-04	3.7317E-04
5.8400E+00	2.0085E-04	3.7222E-04
5.8500E+00	2.0012E-04	3.7128E-04
5.8600E+00	1.9939E-04	3.7034E-04
5.8700E+00	1.9867E-04	3.6940E-04
5.8800E+00	1.9795E-04	3.6847E-04
5.8900E+00	1.9723E-04	3.6754E-04
5.9000E+00	1.9652E-04	3.6661E-04
5.9100E+00	1.9580E-04	3.6568E-04
5.9200E+00	1.9510E-04	3.6476E-04
5.9300E+00	1.9439E-04	3.6384E-04
5.9400E+00	1.9369E-04	3.6292E-04
5.9500E+00	1.9299E-04	3.6201E-04
5.9600E+00	1.9230E-04	3.6109E-04
5.9700E+00	1.9161E-04	3.6018E-04
5.9800E+00	1.9092E-04	3.5928E-04
5.9900E+00	1.9023E-04	3.5837E-04
6.0000E+00	1.8955E-04	3.5747E-04
6.0100E+00	1.8887E-04	3.5657E-04
6.0200E+00	1.8820E-04	3.5567E-04
6.0300E+00	1.8752E-04	3.5478E-04
6.0400E+00	1.8685E-04	3.5389E-04
6.0500E+00	1.8618E-04	3.5300E-04
6.0600E+00	1.8552E-04	3.5211E-04
6.0700E+00	1.8486E-04	3.5123E-04
6.0800E+00	1.8420E-04	3.5035E-04
6.0900E+00	1.8354E-04	3.4947E-04
6.1000E+00	1.8289E-04	3.4859E-04
6.1100E+00	1.8224E-04	3.4772E-04
6.1200E+00	1.8159E-04	3.4685E-04
6.1300E+00	1.8095E-04	3.4598E-04
6.1400E+00	1.8031E-04	3.4512E-04
6.1500E+00	1.7967E-04	3.4425E-04
6.1600E+00	1.7903E-04	3.4339E-04
6.1700E+00	1.7840E-04	3.4253E-04
6.1800E+00	1.7777E-04	3.4168E-04
6.1900E+00	1.7714E-04	3.4083E-04
6.2000E+00	1.7652E-04	3.3997E-04
6.2100E+00	1.7590E-04	3.3913E-04
6.2200E+00	1.7528E-04	3.3828E-04
6.2300E+00	1.7466E-04	3.3744E-04
6.2400E+00	1.7405E-04	3.3660E-04
6.2500E+00	1.7343E-04	3.3576E-04
6.2600E+00	1.7283E-04	3.3492E-04
6.2700E+00	1.7222E-04	3.3409E-04
6.2800E+00	1.7162E-04	3.3326E-04
6.2900E+00	1.7102E-04	3.3243E-04
6.3000E+00	1.7042E-04	3.3160E-04
6.3100E+00	1.6982E-04	3.3078E-04
6.3200E+00	1.6923E-04	3.2996E-04
6.3300E+00	1.6864E-04	3.2914E-04
6.3400E+00	1.6805E-04	3.2832E-04
6.3500E+00	1.6747E-04	3.2751E-04
6.3600E+00	1.6688E-04	3.2670E-04
6.3700E+00	1.6630E-04	3.2589E-04
6.3800E+00	1.6572E-04	3.2508E-04
6.3900E+00	1.6515E-04	3.2427E-04
6.4000E+00	1.6458E-04	3.2347E-04
6.4100E+00	1.6401E-04	3.2267E-04
6.4200E+00	1.6344E-04	3.2187E-04
6.4300E+00	1.6287E-04	3.2108E-04
6.4400E+00	1.6231E-04	3.2029E-04
6.4500E+00	1.6175E-04	3.1949E-04
6.4600E+00	1.6119E-04	3.1871E-04
6.4700E+00	1.6064E-04	3.1792E-04
6.4800E+00	1.6008E-04	3.1714E-04
6.4900E+00	1.5953E-04	3.1635E-04
6.5000E+00	1.5898E-04	3.1557E-04
6.5100E+00	1.5844E-04	3.1480E-04
6.5200E+00	1.5789E-04	3.1402E-04
6.5300E+00	1.5735E-04	3.1325E-04
6.5400E+00	1.5681E-04	3.1248E-04
6.5500E+00	1.5627E-04	3.1171E-04
6.5600E+00	1.5574E-04	3.1095E-04
6.5700E+00	1.5521E-04	3.1018E-04
6.5800E+00	1.5468E-04	3.0942E-04
6.5900E+00	1.5415E-04	3.0866E-04
6.6000E+00	1.5362E-04	3.0790E-04
6.6100E+00	1.5310E-04	3.0715E-04
6.6200E+00	1.5258E-04	3.0640E-04
6.6300E+00	1.5206E-04	3.0565E-04
6.6400E+00	1.5154E-04	3.0490E-04
6.6500E+00	1.5103E-04	3.0415E-04
6.6600E+00	1.5051E-04	3.0341E-04
6.6700E+00	1.5000E-04	3.0267E-04
6.6800E+00	1.4949E-04	3.0193E-04
6.6900E+00	1.4899E-04	3.0119E-04
6.7000E+00	1.4848E-04	3.0045E-04
6.7100E+00	1.4798E-04	2.9972E-04
6.7200E+00	1.4748E-04	2.9899E-04
6.7300E+00	1.4698E-04	2.9826E-04
6.7400E+00	1.4649E-04	2.9753E-04
6.7500E+00	1.4599E-04	2.9681E-04
6.7600E+00	1.4550E-04	2.9609E-04
6.7700E+00	1.4501E-04	2.9536E-04
6.7800E+00	1.4453E-04	2.9465E-04
6.7900E+00	1.4404E-04	2.9393E-04
6.8000E+00	1.4356E-04	2.9322E-04
6.8100E+00	1.4308E-04	2.9250E-04
6.8200E+00	1.4260E-04	2.9179E-04
6.8300E+00	1.4212E-04	2.9108E-04
6.8400E+00	1.4164E-04	2.9038E-04
6.8500E+00	1.4117E-04	2.8967E-04
6.8600E+00	1.4070E-04	2.8897E-04
6.8700E+00	1.4023E-04	2.8827E-04
6.8800E+00	1.3976E-04	2.8757E-04
6.8900E+00	1.3930E-04	2.8688E-04
6.9000E+00	1.3883E-04	2.8618E-04
6.9100E+00	1.3837E-04	2.8549E-04
6.9200E+00	1.3791E-04	2.8480E-04
6.9300E+00	1.3745E-04	2.8411E-04
6.9400E+00	1.3700E-04	2.8343E-04
6.9500E+00	1.3654E-04	2.8274E-04
6.9600E+00	1.3609E-04	2.8206E-04
6.9700E+00	1.3564E-04	2.8138E-04
6.9800E+00	1.3519E-04	2.8070E-04
6.9900E+00	1.3474E-04	2.8003E-04
7.0000E+00	1.3430E-04	2.7935E-04
7.0100E+00	1.3386E-04	2.7868E-04
7.0200E+00	1.3341E-04	2.7801E-04
7.0300E+00	1.3298E-04	2.7734E-04
7.0400E+00	1.3254E-04	2.7667E-04
7.0500E+00	1.3210E-04	2.7601E-04
7.0600E+00	1.3167E-04	2.7535E-04
7.0700E+00	1.3124E-04	2.7469E-04
7.0800E+00	1.3080E-04	2.7403E-04
7.0900E+00	1.3038E-04	2.7337E-04
7.1000E+00	1.2995E-04	2.7271E-04
7.1100E+00	1.2952E-04	2.7206E-04
7.1200E+00	1.2910E-04	2.7141E-04
7.1300E+00	1.2868E-04	2.7076E-04
7.1400E+00	1.2826E-04	2.7011E-04
7.1500E+00	1.2784E-04	2.6947E-04
7.1600E+00	1.2742E-04	2.6882E-04
7.1700E+00	1.2701E-04	2.6818E-04
7.1800E+00	1.2659E-04	2.6754E-04
7.1900E+00	1.2618E-04	2.6690E-04
7.2000E+00	1.2577E-04	2.6627E-04
7.2100E+00	1.2536E-04	2.6563E-04
7.2200E+00	1.2496E-04	2.6500E-04
7.2300E+00	1.2455E-04	2.6437E-04
7.2400E+00	1.2415E-04	2.6374E-04
7.2500E+00	1.2375E-04	2.6311E-04
7.2600E+00	1.2335E-04	2.6248E-04
7.2700E+00	1.2295E-04	2.6186E-04
7.2800E+00	1.2255E-04	2.6124E-04
7.2900E+00	1.2215E-04	2.6062E-04
7.3000E+00	1.2176E-04	2.6000E-04
7.3100E+00	1.2137E-04	2.5938E-04
7.3200E+00	1.2098E-04	2.5877E-04
7.3300E+00	1.2059E-04	2.5815E-04
7.3400E+00	1.2020E-04	2.5754E-04
7.3500E+00	1.1981E-04	2.5693E-04
7.3600E+00	1.1943E-04	2.5632E-04
7.3700E+00	1.1905E-04	2.5572E-04
7.3800E+00	1.1867E-04	2.5511E-04
7.3900E+00	1.1829E-04	2.5451E-04
7.4000E+00	1.1791E-04	2.5391E-04
7.4100E+00	1.1753E-04	2.5331E-04
7.4200E+00	1.1716E-04	2.5271E-04
7.4300E+00	1.1678E-04	2.5211E-04
7.4400E+00	1.1641E-04	2.5152E-04
7.4500E+00	1.1604E-04	2.5093E-04
7.4600E+00	1.1567E-04	2.5033E-04
7.4700E+00	1.1530E-04	2.4975E-04
7.4800E+00	1.1493E-04	2.4916E-04
7.4900E+00	1.1457E-04	2.4857E-04
7.5000E+00	1.1420E-04	2.4799E-04
7.5100E+00	1.1384E-04	2.4740E-04
7.5200E+00	1.1348E-04	2.4682E-04
7.5300E+00	1.1312E-04	2.4624E-04
7.5400E+00	1.1276E-04	2.4567E-04
7.5500E+00	1.1241E-04	2.4509E-04
7.5600E+00	1.1205E-04	2.4451E-04
7.5700E+00	1.1170E-04	2.4394E-04
7.5800E+00	1.1135E-04	2.4337E-04
7.5900E+00	1.1100E-04	2.4280E-04
7.6000E+00	1.1065E-04	2.4223E-04
7.6100E+00	1.1030E-04	2.4167E-04
7.6200E+00	1.0995E-04	2.4110E-04
7.6300E+00	1.0960E-04	2.4054E-04
7.6400E+00	1.0926E-04	2.3998E-04
7.6500E+00	1.0892E-04	2.3942E-04
7.6600E+00	1.0858E-04	2.3886E-04
7.6700E+00	1.0824E-04	2.3830E-04
7.6800E+00	1.0790E-04	2.3774E-04
7.6900E+00	1.0756E-04	2.3719E-04
7.7000E+00	1.0722E-04	2.3664E-04
7.7100E+00	1.0689E-04	2.3609E-04
7.7200E+00	1.0655E-04	2.3554E-04
7.7300E+00	1.0622E-04	2.3499E-04
7.7400E+00	1.0589E-04	2.3444E-04
7.7500E+00	1.0556E-04	2.3390E-04
7.7600E+00	1.0523E-04	2.3336E-04
7.7700E+00	1.0491E-04	2.3281E-04
7.7800E+00	1.0458E-04	2.3227E-04
7.7900E+00	1.0426E-04	2.3174E-04
7.8000E+00	1.0393E-04	2.3120E-04
7.8100E+00	1.0361E-04	2.3066E-04
7.8200E+00	1.0329E-04	2.3013E-04
7.8300E+00	1.0297E-04	2.2960E-04
7.8400E+00	1.0265E-04	2.2907E-04
7.8500E+00	1.0233E-04	2.2854E-04
7.8600E+00	1.0202E-04	2.2801E-04
7.8700E+00	1.0170E-04	2.2748E-04
7.8800E+00	1.0139E-04	2.2696E-04
7.8900E+00	1.0108E-04	2.2643E-04
7.9000E+00	1.0077E-04	2.2591E-04
7.9100E+00	1.0046E-04	2.2539E-04
7.9200E+00	1.0015E-04	2.2487E-04
7.9300E+00	9.9839E-05	2.2435E-04
7.9400E+00	9.9532E-05	2.2384E-04
7.9500E+00	9.9227E-05	2.2332E-04
7.9600E+00	9.8923E-05	2.2281E-04
7.9700E+00	9.8620E-05	2.2230E-04
7.9800E+00	9.8318E-05	2.2179E-04
7.9900E+00	9.8017E-05	2.2128E-04
8.0000E+00	9.7718E-05	2.2077E-04
8.0100E+00	9.7420E-05	2.2026E-04
8.0200E+00	9.7122E-05	2.1976E-04
8.0300E+00	9.6826E-05	2.1925E-04
8.0400E+00	9.6531E-05	2.1875E-04
8.0500E+00	9.6237E-05	2.1825E-04
8.0600E+00	9.5945E-05	2.1775E-04
8.0700E+00	9.5653E-05	2.1725E-04
8.0800E+00	9.5362E-05	2.1676E-04
8.0900E+00	9.5073E-05	2.1626E-04
8.1000E+00	9.4785E-05	2.1577E-04
8.1100E+00	9.4497E-05	2.1528E-04
8.1200E+00	9.4211E-05	2.1478E-04
8.1300E+00	9.3926E-05	2.1429E-04
8.1400E+00	9.3642E-05	2.1381E-04
8.1500E+00	9.3359E-05	2.1332E-04
8.1600E+00	9.3077E-05	2.1283E-04
8.1700E+00	9.2796E-05	2.1235E-04
8.1800E+00	9.2516E-05	2.1187E-04
8.1900E+00	9.2238E-05	2.1138E-04
8.2000E+00	9.1960E-05	2.1090E-04
8.2100E+00	9.1683E-05	2.1042E-04
8.2200E+00	9.1408E-05	2.0995E-04
8.2300E+00	9.1133E-05	2.0947E-04
8.2400E+00	9.0860E-05	2.0900E-04
8.2500E+00	9.0587E-05	2.0852E-04
8.2600E+00	9.0316E-05	2.0805E-04
8.2700E+00	9.0045E-05	2.0758E-04
8.2800E+00	8.9776E-05	2.0711E-04
8.2900E+00	8.9507E-05	2.0664E-04
8.3000E+00	8.9240E-05	2.0617E-04
8.3100E+00	8.8973E-05	2.0571E-04
8.3200E+00	8.8708E-05	2.0524E-04
8.3300E+00	8.8443E-05	2.0478E-04
8.3400E+00	8.8180E-05	2.0432E-04
8.3500E+00	8.7917E-05	2.0386E-04
8.3600E+00	8.7655E-05	2.0340E-04
8.3700E+00	8.7395E-05	2.0294E-04
8.3800E+00	8.7135E-05	2.0248E-04
8.3900E+00	8.6876E-05	2.0202E-04
8.4000E+00	8.6619E-05	2.0157E-04
8.4100E+00	8.6362E-05	2.0112E-04
8.4200E+00	8.6106E-05	2.0066E-04
8.4300E+00	8.5851E-05	2.0021E-04
8.4400E+00	8.5597E-05	1.9976E-04
8.4500E+00	8.5344E-05	1.9932E-04
8.4600E+00	8.5092E-05	1.9887E-04
8.4700E+00	8.4841E-05	1.9842E-04
8.4800E+00	8.4591E-05	1.9798E-04
8.4900E+00	8.4341E-05	1.9753E-04
8.5000E+00	8.4093E-05	1.9709E-04
8.5100E+00	8.3846E-05	1.9665E-04
8.5200E+00	8.3599E-05	1.9621E-04
8.5300E+00	8.3353E-05	1.9577E-04
8.5400E+00	8.3109E-05	1.9533E-04
8.5500E+00	8.2865E-05	1.9490E-04
8.5600E+00	8.2622E-05	1.9446E-04
8.5700E+00	8.2380E-05	1.9403E-04
8.5800E+00	8.2138E-05	1.9360E-04
8.5900E+00	8.1898E-05	1.9316E-04
8.6000E+00	8.1659E-05	1.9273E-04
8.6100E+00	8.1420E-05	1.9230E-04
8.6200E+00	8.1182E-05	1.9188E-04
8.6300E+00	8.0945E-05	1.9145E-04
8.6400E+00	8.0709E-05	1.9102E-04
8.6500E+00	8.0474E-05	1.9060E-04
8.6600E+00	8.0240E-05	1.9018E-04
8.6700E+00	8.0006E-05	1.8975E-04
8.6800E+00	7.9774E-05	1.8933E-04
8.6900E+00	7.9542E-05	1.8891E-04
8.7000E+00	7.9311E-05	1.8849E-04
8.7100E+00	7.9081E-05	1.8808E-04
8.7200E+00	7.8852E-05	1.8766E-04
8.7300E+00	7.8623E-05	1.8724E-04
8.7400E+00	7.8396E-05	1.8683E-04
8.7500E+00	7.8169E-05	1.8642E-04
8.7600E+00	7.7943E-05	1.8600E-04
8.7700E+00	7.7718E-05	1.8559E-04
8.7800E+00	7.7494E-05	1.8518E-04
8.7900E+00	7.7270E-05	1.8477E-04
8.8000E+00	7.7047E-05	1.8437E-04
8.8100E+00	7.6825E-05	1.8396E-04
8.8200E+00	7.6604E-05	1.8355E-04
8.8300E+00	7.6384E-05	1.8315E-04
8.8400E+00	7.6164E-05	1.8275E-04
8.8500E+00	7.5946E-05	1.8234E-04
8.8600E+00	7.5728E-05	1.8194E-04
8.8700E+00	7.5511E-05	1.8154E-04
8.8800E+00	7.5294E-05	1.8114E-04
8.8900E+00	7.5078E-05	1.8075E-04
8.9000E+00	7.4864E-05	1.8035E-04
8.9100E+00	7.4649E-05	1.7995E-04
8.9200E+00	7.4436E-05	1.7956E-04
8.9300E+00	7.4224E-05	1.7917E-04
8.9400E+00	7.4012E-05	1.7877E-04
8.9500E+00	7.3801E-05	1.7838E-04
8.9600E+00	7.3590E-05	1.7799E-04
8.9700E+00	7.3381E-05	1.7760E-04
8.9800E+00	7.3172E-05	1.7721E-04
8.9900E+00	7.2964E-05	1.7683E-04
9.0000E+00	7.2756E-05	1.7644E-04
9.0100E+00	7.2550E-05	1.7605E-04
9.0200E+00	7.2344E-05	1.7567E-04
9.0300E+00	7.2139E-05	1.7529E-04
9.0400E+00	7.1934E-05	1.7490E-04
9.0500E+00	7.1731E-05	1.7452E-04
9.0600E+00	7.1528E-05	1.7414E-04
9.0700E+00	7.1325E-05	1.7376E-04
9.0800E+00	7.1124E-05	1.7339E-04
9.0900E+00	7.0923E-05	1.7301E-04
9.1000E+00	7.0723E-05	1.7263E-04
9.1100E+00	7.0523E-05	1.7226E-04
9.1200E+00	7.0325E-05	1.7188E-04
9.1300E+00	7.0126E-05	1.7151E-04
9.1400E+00	6.9929E-05	1.7114E-04
9.1500E+00	6.9732E-05	1.7077E-04
9.1600E+00	6.9536E-05	1.7040E-04
9.1700E+00	6.9341E-05	1.7003E-04
9.1800E+00	6.9147E-05	1.6966E-04
9.1900E+00	6.8953E-05	1.6929E-04
9.2000E+00	6.8759E-05	1.6892E-04
9.2100E+00	6.8567E-05	1.6856E-04
9.2200E+00	6.8375E-05	1.6820E-04
9.2300E+00	6.8184E-05	1.6783E-04
9.2400E+00	6.7993E-05	1.6747E-04
9.2500E+00	6.7803E-05	1.6711E-04
9.2600E+00	6.7614E-05	1.6675E-04
9.2700E+00	6.7425E-05	1.6639E-04
9.2800E+00	6.7237E-05	1.6603E-04
9.2900E+00	6.7050E-05	1.6567E-04
9.3000E+00	6.6864E-05	1.6531E-04
9.3100E+00	6.6678E-05	1.6496E-04
9.3200E+00	6.6492E-05	1.6460E-04
9.3300E+00	6.6308E-05	1.6425E-04
9.3400E+00	6.6124E-05	1.6390E-04
9.3500E+00	6.5940E-05	1.6355E-04
9.3600E+00	6.5757E-05	1.6319E-04
9.3700E+00	6.5575E-05	1.6284E-04
9.3800E+00	6.5394E-05	1.6249E-04
9.3900E+00	6.5213E-05	1.6215E-04
9.4000E+00	6.5033E-05	1.6180E-04
9.4100E+00	6.4853E-05	1.6145E-04
9.4200E+00	6.4674E-05	1.6111E-04
9.4300E+00	6.4495E-05	1.6076E-04
9.4400E+00	6.4318E-05	1.6042E-04
9.4500E+00	6.4140E-05	1.6008E-04
9.4600E+00	6.3964E-05	1.5973E-04
9.4700E+00	6.3788E-05	1.5939E-04
9.4800E+00	6.3613E-05	1.5905E-04
9.4900E+00	6.3438E-05	1.5871E-04
9.5000E+00	6.3264E-05	1.5837E-04
9.5100E+00	6.3090E-05	1.5804E-04
9.5200E+00	6.2917E-05	1.5770E-04
9.5300E+00	6.2745E-05	1.5736E-04
9.5400E+00	6.2573E-05	1.5703E-04
9.5500E+00	6.2402E-05	1.5670E-04
9.5600E+00	6.2231E-05	1.5636E-04
9.5700E+00	6.2061E-05	1.5603E-04
9.5800E+00	6.1892E-05	1.5570E-04
9.5900E+00	6.1723E-05	1.5537E-04
9.6000E+00	6.1554E-05	1.5504E-04
9.6100E+00	6.1387E-05	1.5471E-04
9.6200E+00	6.1219E-05	1.5438E-04
9.6300E+00	6.1053E-05	1.5406E-04
9.6400E+00	6.0887E-05	1.5373E-04
9.6500E+00	6.0721E-05	1.5340E-04
9.6600E+00	6.0556E-05	1.5308E-04
9.6700E+00	6.0392E-05	1.5276E-04
9.6800E+00	6.0228E-05	1.5243E-04
9.6900E+00	6.0065E-05	1.5211E-04
9.7000E+00	5.9902E-05	1.5179E-04
9.7100E+00	5.9740E-05	1.5147E-04
9.7200E+00	5.9578E-05	1.5115E-04
9.7300E+00	5.9417E-05	1.5083E-04
9.7400E+00	5.9257E-05	1.5051E-04
9.7500E+00	5.9097E-05	1.5020E-04
9.7600E+00	5.8938E-05	1.4988E-04
9.7700E+00	5.8779E-05	1.4956E-04
9.7800E+00	5.8620E-05	1.4925E-04
9.7900E+00	5.8462E-05	1.4894E-04
9.8000E+00	5.8305E-05	1.4862E-04
9.8100E+00	5.8148E-05	1.4831E-04
9.8200E+00	5.7992E-05	1.4800E-04
9.8300E+00	5.7836E-05	1.4769E-04
9.8400E+00	5.7681E-05	1.4738E-04
9.8500E+00	5.7526E-05	1.4707E-04
9.8600E+00	5.7372E-05	1.4676E-04
9.8700E+00	5.7219E-05	1.4645E-04
9.8800E+00	5.7066E-05	1.4615E-04
9.8900E+00	5.6913E-05	1.4584E-04
9.9000E+00	5.6761E-05	1.4554E-04
9.9100E+00	5.6609E-05	1.4523E-04
9.9200E+00	5.6458E-05	1.4493E-04
9.9300E+00	5.6307E-05	1.4463E-04
9.9400E+00	5.6157E-05	1.4433E-04
9.9500E+00	5.6008E-05	1.4402E-04
9.9600E+00	5.5859E-05	1.4372E-04
9.9700E+00	5.5710E-05	1.4342E-04
9.9800E+00	5.5562E-05	1.4313E-04
9.9900E+00	5.5414E-05	1.4283E-04
