Q2	Fs	dFs
0.0000E+00	0.0000E+00	0.0000E+00
1.0000E-02	8.4316E-05	2.1068E-16
2.0000E-02	1.6571E-04	4.1416E-16
3.0000E-02	2.4426E-04	6.1038E-16
4.0000E-02	3.2007E-04	7.9996E-16
5.0000E-02	3.9323E-04	9.8235E-16
6.0000E-02	4.6381E-04	1.1584E-15
7.0000E-02	5.3191E-04	1.3283E-15
8.0000E-02	5.9759E-04	1.4921E-15
9.0000E-02	6.6093E-04	1.6505E-15
1.0000E-01	7.2201E-04	1.8028E-15
1.1000E-01	7.8090E-04	1.9498E-15
1.2000E-01	8.3766E-04	2.0912E-15
1.3000E-01	8.9237E-04	2.2276E-15
1.4000E-01	9.4508E-04	2.3589E-15
1.5000E-01	9.9586E-04	2.4855E-15
1.6000E-01	1.0448E-03	2.6072E-15
1.7000E-01	1.0919E-03	2.7248E-15
1.8000E-01	1.1372E-03	2.8375E-15
1.9000E-01	1.1808E-03	2.9463E-15
2.0000E-01	1.2228E-03	3.0507E-15
2.1000E-01	1.2632E-03	3.1514E-15
2.2000E-01	1.3020E-03	3.2481E-15
2.3000E-01	1.3393E-03	3.3411E-15
2.4000E-01	1.3752E-03	3.4301E-15
2.5000E-01	1.4097E-03	3.5159E-15
2.6000E-01	1.4427E-03	3.5980E-15
2.7000E-01	1.4745E-03	3.6772E-15
2.8000E-01	1.5050E-03	3.7530E-15
2.9000E-01	1.5342E-03	3.8255E-15
3.0000E-01	1.5622E-03	3.8953E-15
3.1000E-01	1.5890E-03	3.9619E-15
3.2000E-01	1.6147E-03	4.0258E-15
3.3000E-01	1.6393E-03	4.0869E-15
3.4000E-01	1.6628E-03	4.1454E-15
3.5000E-01	1.6853E-03	4.2013E-15
3.6000E-01	1.7068E-03	4.2548E-15
3.7000E-01	1.7273E-03	4.3054E-15
3.8000E-01	1.7469E-03	4.3541E-15
3.9000E-01	1.7655E-03	4.4003E-15
4.0000E-01	1.7833E-03	4.4444E-15
4.1000E-01	1.8002E-03	4.4863E-15
4.2000E-01	1.8162E-03	4.5262E-15
4.3000E-01	1.8314E-03	4.5641E-15
4.4000E-01	1.8459E-03	4.5999E-15
4.5000E-01	1.8596E-03	4.6338E-15
4.6000E-01	1.8726E-03	4.6660E-15
4.7000E-01	1.8848E-03	4.6963E-15
4.8000E-01	1.8963E-03	4.7249E-15
4.9000E-01	1.9072E-03	4.7520E-15
5.0000E-01	1.9174E-03	4.7771E-15
5.1000E-01	1.9270E-03	4.8009E-15
5.2000E-01	1.9360E-03	4.8230E-15
5.3000E-01	1.9444E-03	4.8437E-15
5.4000E-01	1.9522E-03	4.8631E-15
5.5000E-01	1.9594E-03	4.8809E-15
5.6000E-01	1.9661E-03	4.8977E-15
5.7000E-01	1.9723E-03	4.9128E-15
5.8000E-01	1.9779E-03	4.9268E-15
5.9000E-01	1.9831E-03	4.9394E-15
6.0000E-01	1.9878E-03	4.9513E-15
6.1000E-01	1.9920E-03	4.9616E-15
6.2000E-01	1.9958E-03	4.9710E-15
6.3000E-01	1.9992E-03	4.9791E-15
6.4000E-01	2.0021E-03	4.9864E-15
6.5000E-01	2.0046E-03	4.9924E-15
6.6000E-01	2.0067E-03	4.9977E-15
6.7000E-01	2.0085E-03	5.0018E-15
6.8000E-01	2.0098E-03	5.0053E-15
6.9000E-01	2.0108E-03	5.0077E-15
7.0000E-01	2.0115E-03	5.0091E-15
7.1000E-01	2.0118E-03	5.0099E-15
7.2000E-01	2.0118E-03	5.0101E-15
7.3000E-01	2.0115E-03	5.0092E-15
7.4000E-01	2.0109E-03	5.0074E-15
7.5000E-01	2.0100E-03	5.0051E-15
7.6000E-01	2.0088E-03	5.0020E-15
7.7000E-01	2.0073E-03	4.9983E-15
7.8000E-01	2.0055E-03	4.9939E-15
7.9000E-01	2.0035E-03	4.9889E-15
8.0000E-01	2.0013E-03	4.9834E-15
8.1000E-01	1.9988E-03	4.9771E-15
8.2000E-01	1.9961E-03	4.9703E-15
8.3000E-01	1.9931E-03	4.9627E-15
8.4000E-01	1.9899E-03	4.9549E-15
8.5000E-01	1.9865E-03	4.9464E-15
8.6000E-01	1.9830E-03	4.9375E-15
8.7000E-01	1.9792E-03	4.9279E-15
8.8000E-01	1.9752E-03	4.9182E-15
8.9000E-01	1.9710E-03	4.9078E-15
9.0000E-01	1.9667E-03	4.8971E-15
9.1000E-01	1.9622E-03	4.8856E-15
9.2000E-01	1.9575E-03	4.8741E-15
9.3000E-01	1.9527E-03	4.8622E-15
9.4000E-01	1.9477E-03	4.8496E-15
9.5000E-01	1.9426E-03	4.8370E-15
9.6000E-01	1.9373E-03	4.8240E-15
9.7000E-01	1.9319E-03	4.8104E-15
9.8000E-01	1.9264E-03	4.7967E-15
9.9000E-01	1.9207E-03	4.7825E-15
1.0000E+00	1.9149E-03	4.7682E-15
1.0100E+00	1.9090E-03	4.7536E-15
1.0200E+00	1.9030E-03	4.7386E-15
1.0300E+00	1.8969E-03	4.7233E-15
1.0400E+00	1.8907E-03	4.7079E-15
1.0500E+00	1.8844E-03	4.6922E-15
1.0600E+00	1.8779E-03	4.6762E-15
1.0700E+00	1.8714E-03	4.6601E-15
1.0800E+00	1.8648E-03	4.6437E-15
1.0900E+00	1.8582E-03	4.6272E-15
1.1000E+00	1.8514E-03	4.6104E-15
1.1100E+00	1.8446E-03	4.5933E-15
1.1200E+00	1.8376E-03	4.5762E-15
1.1300E+00	1.8307E-03	4.5589E-15
1.1400E+00	1.8236E-03	4.5414E-15
1.1500E+00	1.8165E-03	4.5237E-15
1.1600E+00	1.8093E-03	4.5059E-15
1.1700E+00	1.8021E-03	4.4880E-15
1.1800E+00	1.7948E-03	4.4700E-15
1.1900E+00	1.7875E-03	4.4517E-15
1.2000E+00	1.7801E-03	4.4334E-15
1.2100E+00	1.7727E-03	4.4150E-15
1.2200E+00	1.7652E-03	4.3964E-15
1.2300E+00	1.7577E-03	4.3778E-15
1.2400E+00	1.7502E-03	4.3591E-15
1.2500E+00	1.7426E-03	4.3402E-15
1.2600E+00	1.7349E-03	4.3213E-15
1.2700E+00	1.7273E-03	4.3024E-15
1.2800E+00	1.7196E-03	4.2833E-15
1.2900E+00	1.7119E-03	4.2642E-15
1.3000E+00	1.7042E-03	4.2450E-15
1.3100E+00	1.6964E-03	4.2258E-15
1.3200E+00	1.6886E-03	4.2064E-15
1.3300E+00	1.6808E-03	4.1871E-15
1.3400E+00	1.6730E-03	4.1677E-15
1.3500E+00	1.6652E-03	4.1482E-15
1.3600E+00	1.6573E-03	4.1288E-15
1.3700E+00	1.6494E-03	4.1093E-15
1.3800E+00	1.6416E-03	4.0898E-15
1.3900E+00	1.6337E-03	4.0703E-15
1.4000E+00	1.6258E-03	4.0506E-15
1.4100E+00	1.6179E-03	4.0311E-15
1.4200E+00	1.6100E-03	4.0115E-15
1.4300E+00	1.6021E-03	3.9919E-15
1.4400E+00	1.5942E-03	3.9723E-15
1.4500E+00	1.5863E-03	3.9526E-15
1.4600E+00	1.5784E-03	3.9331E-15
1.4700E+00	1.5704E-03	3.9135E-15
1.4800E+00	1.5625E-03	3.8939E-15
1.4900E+00	1.5546E-03	3.8743E-15
1.5000E+00	1.5467E-03	3.8546E-15
1.5100E+00	1.5388E-03	3.8352E-15
1.5200E+00	1.5309E-03	3.8157E-15
1.5300E+00	1.5231E-03	3.7961E-15
1.5400E+00	1.5152E-03	3.7766E-15
1.5500E+00	1.5073E-03	3.7571E-15
1.5600E+00	1.4995E-03	3.7377E-15
1.5700E+00	1.4916E-03	3.7182E-15
1.5800E+00	1.4838E-03	3.6988E-15
1.5900E+00	1.4760E-03	3.6794E-15
1.6000E+00	1.4682E-03	3.6601E-15
1.6100E+00	1.4604E-03	3.6409E-15
1.6200E+00	1.4527E-03	3.6216E-15
1.6300E+00	1.4449E-03	3.6024E-15
1.6400E+00	1.4372E-03	3.5833E-15
1.6500E+00	1.4295E-03	3.5641E-15
1.6600E+00	1.4218E-03	3.5450E-15
1.6700E+00	1.4141E-03	3.5260E-15
1.6800E+00	1.4064E-03	3.5070E-15
1.6900E+00	1.3988E-03	3.4881E-15
1.7000E+00	1.3911E-03	3.4693E-15
1.7100E+00	1.3835E-03	3.4504E-15
1.7200E+00	1.3760E-03	3.4316E-15
1.7300E+00	1.3684E-03	3.4129E-15
1.7400E+00	1.3609E-03	3.3943E-15
1.7500E+00	1.3534E-03	3.3756E-15
1.7600E+00	1.3459E-03	3.3571E-15
1.7700E+00	1.3384E-03	3.3385E-15
1.7800E+00	1.3310E-03	3.3202E-15
1.7900E+00	1.3236E-03	3.3018E-15
1.8000E+00	1.3162E-03	3.2835E-15
1.8100E+00	1.3088E-03	3.2653E-15
1.8200E+00	1.3015E-03	3.2471E-15
1.8300E+00	1.2942E-03	3.2289E-15
1.8400E+00	1.2869E-03	3.2109E-15
1.8500E+00	1.2796E-03	3.1930E-15
1.8600E+00	1.2724E-03	3.1751E-15
1.8700E+00	1.2652E-03	3.1572E-15
1.8800E+00	1.2580E-03	3.1395E-15
1.8900E+00	1.2509E-03	3.1218E-15
1.9000E+00	1.2438E-03	3.1041E-15
1.9100E+00	1.2367E-03	3.0865E-15
1.9200E+00	1.2296E-03	3.0691E-15
1.9300E+00	1.2226E-03	3.0517E-15
1.9400E+00	1.2156E-03	3.0344E-15
1.9500E+00	1.2086E-03	3.0171E-15
1.9600E+00	1.2017E-03	2.9999E-15
1.9700E+00	1.1948E-03	2.9828E-15
1.9800E+00	1.1879E-03	2.9656E-15
1.9900E+00	1.1810E-03	2.9488E-15
2.0000E+00	1.1742E-03	2.9318E-15
2.0100E+00	1.1674E-03	2.9150E-15
2.0200E+00	1.1607E-03	2.8983E-15
2.0300E+00	1.1539E-03	2.8816E-15
2.0400E+00	1.1472E-03	2.8650E-15
2.0500E+00	1.1406E-03	2.8484E-15
2.0600E+00	1.1339E-03	2.8321E-15
2.0700E+00	1.1273E-03	2.8157E-15
2.0800E+00	1.1208E-03	2.7994E-15
2.0900E+00	1.1142E-03	2.7831E-15
2.1000E+00	1.1077E-03	2.7670E-15
2.1100E+00	1.1012E-03	2.7511E-15
2.1200E+00	1.0948E-03	2.7350E-15
2.1300E+00	1.0883E-03	2.7191E-15
2.1400E+00	1.0820E-03	2.7033E-15
2.1500E+00	1.0756E-03	2.6875E-15
2.1600E+00	1.0693E-03	2.6719E-15
2.1700E+00	1.0630E-03	2.6562E-15
2.1800E+00	1.0567E-03	2.6408E-15
2.1900E+00	1.0505E-03	2.6254E-15
2.2000E+00	1.0443E-03	2.6099E-15
2.2100E+00	1.0381E-03	2.5947E-15
2.2200E+00	1.0320E-03	2.5795E-15
2.2300E+00	1.0259E-03	2.5643E-15
2.2400E+00	1.0198E-03	2.5493E-15
2.2500E+00	1.0138E-03	2.5343E-15
2.2600E+00	1.0078E-03	2.5194E-15
2.2700E+00	1.0018E-03	2.5046E-15
2.2800E+00	9.9585E-04	2.4898E-15
2.2900E+00	9.8994E-04	2.4751E-15
2.3000E+00	9.8405E-04	2.4607E-15
2.3100E+00	9.7820E-04	2.4461E-15
2.3200E+00	9.7238E-04	2.4317E-15
2.3300E+00	9.6659E-04	2.4174E-15
2.3400E+00	9.6083E-04	2.4031E-15
2.3500E+00	9.5510E-04	2.3889E-15
2.3600E+00	9.4941E-04	2.3748E-15
2.3700E+00	9.4374E-04	2.3608E-15
2.3800E+00	9.3811E-04	2.3468E-15
2.3900E+00	9.3251E-04	2.3329E-15
2.4000E+00	9.2693E-04	2.3191E-15
2.4100E+00	9.2139E-04	2.3053E-15
2.4200E+00	9.1588E-04	2.2916E-15
2.4300E+00	9.1040E-04	2.2781E-15
2.4400E+00	9.0495E-04	2.2646E-15
2.4500E+00	8.9953E-04	2.2512E-15
2.4600E+00	8.9414E-04	2.2378E-15
2.4700E+00	8.8878E-04	2.2245E-15
2.4800E+00	8.8345E-04	2.2113E-15
2.4900E+00	8.7815E-04	2.1981E-15
2.5000E+00	8.7289E-04	2.1851E-15
2.5100E+00	8.6765E-04	2.1721E-15
2.5200E+00	8.6244E-04	2.1592E-15
2.5300E+00	8.5726E-04	2.1463E-15
2.5400E+00	8.5211E-04	2.1335E-15
2.5500E+00	8.4699E-04	2.1209E-15
2.5600E+00	8.4190E-04	2.1082E-15
2.5700E+00	8.3684E-04	2.0957E-15
2.5800E+00	8.3180E-04	2.0832E-15
2.5900E+00	8.2680E-04	2.0708E-15
2.6000E+00	8.2183E-04	2.0584E-15
2.6100E+00	8.1688E-04	2.0462E-15
2.6200E+00	8.1196E-04	2.0340E-15
2.6300E+00	8.0707E-04	2.0219E-15
2.6400E+00	8.0221E-04	2.0098E-15
2.6500E+00	7.9738E-04	1.9978E-15
2.6600E+00	7.9258E-04	1.9859E-15
2.6700E+00	7.8781E-04	1.9741E-15
2.6800E+00	7.8306E-04	1.9623E-15
2.6900E+00	7.7834E-04	1.9506E-15
2.7000E+00	7.7365E-04	1.9390E-15
2.7100E+00	7.6899E-04	1.9274E-15
2.7200E+00	7.6435E-04	1.9159E-15
2.7300E+00	7.5974E-04	1.9045E-15
2.7400E+00	7.5516E-04	1.8931E-15
2.7500E+00	7.5061E-04	1.8818E-15
2.7600E+00	7.4608E-04	1.8706E-15
2.7700E+00	7.4158E-04	1.8594E-15
2.7800E+00	7.3711E-04	1.8484E-15
2.7900E+00	7.3266E-04	1.8373E-15
2.8000E+00	7.2824E-04	1.8263E-15
2.8100E+00	7.2385E-04	1.8154E-15
2.8200E+00	7.1948E-04	1.8046E-15
2.8300E+00	7.1514E-04	1.7939E-15
2.8400E+00	7.1083E-04	1.7831E-15
2.8500E+00	7.0654E-04	1.7724E-15
2.8600E+00	7.0228E-04	1.7618E-15
2.8700E+00	6.9804E-04	1.7514E-15
2.8800E+00	6.9383E-04	1.7409E-15
2.8900E+00	6.8965E-04	1.7305E-15
2.9000E+00	6.8549E-04	1.7202E-15
2.9100E+00	6.8135E-04	1.7100E-15
2.9200E+00	6.7724E-04	1.6997E-15
2.9300E+00	6.7316E-04	1.6896E-15
2.9400E+00	6.6910E-04	1.6795E-15
2.9500E+00	6.6506E-04	1.6695E-15
2.9600E+00	6.6105E-04	1.6595E-15
2.9700E+00	6.5706E-04	1.6496E-15
2.9800E+00	6.5310E-04	1.6398E-15
2.9900E+00	6.4916E-04	1.6300E-15
3.0000E+00	6.4525E-04	1.6203E-15
3.0100E+00	6.4136E-04	1.6107E-15
3.0200E+00	6.3749E-04	1.6010E-15
3.0300E+00	6.3365E-04	1.5915E-15
3.0400E+00	6.2983E-04	1.5820E-15
3.0500E+00	6.2604E-04	1.5725E-15
3.0600E+00	6.2227E-04	1.5632E-15
3.0700E+00	6.1852E-04	1.5539E-15
3.0800E+00	6.1479E-04	1.5446E-15
3.0900E+00	6.1109E-04	1.5354E-15
3.1000E+00	6.0741E-04	1.5263E-15
3.1100E+00	6.0375E-04	1.5172E-15
3.1200E+00	6.0012E-04	1.5082E-15
3.1300E+00	5.9650E-04	1.4992E-15
3.1400E+00	5.9291E-04	1.4903E-15
3.1500E+00	5.8935E-04	1.4814E-15
3.1600E+00	5.8580E-04	1.4726E-15
3.1700E+00	5.8228E-04	1.4638E-15
3.1800E+00	5.7877E-04	1.4552E-15
3.1900E+00	5.7529E-04	1.4465E-15
3.2000E+00	5.7183E-04	1.4379E-15
3.2100E+00	5.6840E-04	1.4294E-15
3.2200E+00	5.6498E-04	1.4209E-15
3.2300E+00	5.6159E-04	1.4124E-15
3.2400E+00	5.5821E-04	1.4040E-15
3.2500E+00	5.5486E-04	1.3957E-15
3.2600E+00	5.5153E-04	1.3875E-15
3.2700E+00	5.4822E-04	1.3792E-15
3.2800E+00	5.4493E-04	1.3710E-15
3.2900E+00	5.4166E-04	1.3629E-15
3.3000E+00	5.3841E-04	1.3548E-15
3.3100E+00	5.3518E-04	1.3468E-15
3.3200E+00	5.3197E-04	1.3388E-15
3.3300E+00	5.2878E-04	1.3309E-15
3.3400E+00	5.2561E-04	1.3230E-15
3.3500E+00	5.2246E-04	1.3151E-15
3.3600E+00	5.1933E-04	1.3073E-15
3.3700E+00	5.1622E-04	1.2996E-15
3.3800E+00	5.1313E-04	1.2919E-15
3.3900E+00	5.1005E-04	1.2843E-15
3.4000E+00	5.0700E-04	1.2767E-15
3.4100E+00	5.0397E-04	1.2692E-15
3.4200E+00	5.0095E-04	1.2616E-15
3.4300E+00	4.9796E-04	1.2542E-15
3.4400E+00	4.9498E-04	1.2469E-15
3.4500E+00	4.9202E-04	1.2394E-15
3.4600E+00	4.8908E-04	1.2321E-15
3.4700E+00	4.8616E-04	1.2248E-15
3.4800E+00	4.8325E-04	1.2176E-15
3.4900E+00	4.8037E-04	1.2105E-15
3.5000E+00	4.7750E-04	1.2033E-15
3.5100E+00	4.7465E-04	1.1962E-15
3.5200E+00	4.7182E-04	1.1892E-15
3.5300E+00	4.6901E-04	1.1822E-15
3.5400E+00	4.6621E-04	1.1752E-15
3.5500E+00	4.6343E-04	1.1683E-15
3.5600E+00	4.6067E-04	1.1614E-15
3.5700E+00	4.5793E-04	1.1545E-15
3.5800E+00	4.5520E-04	1.1478E-15
3.5900E+00	4.5249E-04	1.1410E-15
3.6000E+00	4.4980E-04	1.1344E-15
3.6100E+00	4.4712E-04	1.1277E-15
3.6200E+00	4.4446E-04	1.1211E-15
3.6300E+00	4.4182E-04	1.1144E-15
3.6400E+00	4.3919E-04	1.1079E-15
3.6500E+00	4.3658E-04	1.1014E-15
3.6600E+00	4.3399E-04	1.0950E-15
3.6700E+00	4.3141E-04	1.0886E-15
3.6800E+00	4.2885E-04	1.0822E-15
3.6900E+00	4.2631E-04	1.0759E-15
3.7000E+00	4.2378E-04	1.0696E-15
3.7100E+00	4.2127E-04	1.0632E-15
3.7200E+00	4.1877E-04	1.0570E-15
3.7300E+00	4.1629E-04	1.0509E-15
3.7400E+00	4.1382E-04	1.0447E-15
3.7500E+00	4.1137E-04	1.0386E-15
3.7600E+00	4.0894E-04	1.0325E-15
3.7700E+00	4.0652E-04	1.0265E-15
3.7800E+00	4.0411E-04	1.0205E-15
3.7900E+00	4.0172E-04	1.0146E-15
3.8000E+00	3.9935E-04	1.0087E-15
3.8100E+00	3.9699E-04	1.0028E-15
3.8200E+00	3.9464E-04	9.9692E-16
3.8300E+00	3.9231E-04	9.9112E-16
3.8400E+00	3.9000E-04	9.8538E-16
3.8500E+00	3.8770E-04	9.7962E-16
3.8600E+00	3.8541E-04	9.7390E-16
3.8700E+00	3.8314E-04	9.6824E-16
3.8800E+00	3.8088E-04	9.6262E-16
3.8900E+00	3.7863E-04	9.5702E-16
3.9000E+00	3.7640E-04	9.5145E-16
3.9100E+00	3.7419E-04	9.4593E-16
3.9200E+00	3.7199E-04	9.4045E-16
3.9300E+00	3.6980E-04	9.3493E-16
3.9400E+00	3.6762E-04	9.2957E-16
3.9500E+00	3.6546E-04	9.2415E-16
3.9600E+00	3.6332E-04	9.1879E-16
3.9700E+00	3.6118E-04	9.1348E-16
3.9800E+00	3.5906E-04	9.0822E-16
3.9900E+00	3.5695E-04	9.0293E-16
4.0000E+00	3.5486E-04	8.9772E-16
4.0100E+00	3.5278E-04	8.9253E-16
4.0200E+00	3.5071E-04	8.8734E-16
4.0300E+00	3.4865E-04	8.8221E-16
4.0400E+00	3.4661E-04	8.7711E-16
4.0500E+00	3.4458E-04	8.7205E-16
4.0600E+00	3.4256E-04	8.6704E-16
4.0700E+00	3.4056E-04	8.6201E-16
4.0800E+00	3.3857E-04	8.5703E-16
4.0900E+00	3.3659E-04	8.5211E-16
4.1000E+00	3.3462E-04	8.4718E-16
4.1100E+00	3.3267E-04	8.4228E-16
4.1200E+00	3.3073E-04	8.3748E-16
4.1300E+00	3.2879E-04	8.3263E-16
4.1400E+00	3.2688E-04	8.2786E-16
4.1500E+00	3.2497E-04	8.2306E-16
4.1600E+00	3.2308E-04	8.1837E-16
4.1700E+00	3.2119E-04	8.1365E-16
4.1800E+00	3.1932E-04	8.0896E-16
4.1900E+00	3.1746E-04	8.0434E-16
4.2000E+00	3.1561E-04	7.9972E-16
4.2100E+00	3.1378E-04	7.9515E-16
4.2200E+00	3.1195E-04	7.9058E-16
4.2300E+00	3.1014E-04	7.8605E-16
4.2400E+00	3.0834E-04	7.8155E-16
4.2500E+00	3.0655E-04	7.7706E-16
4.2600E+00	3.0477E-04	7.7259E-16
4.2700E+00	3.0300E-04	7.6820E-16
4.2800E+00	3.0124E-04	7.6382E-16
4.2900E+00	2.9949E-04	7.5943E-16
4.3000E+00	2.9776E-04	7.5511E-16
4.3100E+00	2.9603E-04	7.5082E-16
4.3200E+00	2.9432E-04	7.4652E-16
4.3300E+00	2.9262E-04	7.4225E-16
4.3400E+00	2.9092E-04	7.3803E-16
4.3500E+00	2.8924E-04	7.3383E-16
4.3600E+00	2.8757E-04	7.2963E-16
4.3700E+00	2.8591E-04	7.2545E-16
4.3800E+00	2.8425E-04	7.2132E-16
4.3900E+00	2.8261E-04	7.1724E-16
4.4000E+00	2.8098E-04	7.1316E-16
4.4100E+00	2.7936E-04	7.0910E-16
4.4200E+00	2.7775E-04	7.0507E-16
4.4300E+00	2.7615E-04	7.0108E-16
4.4400E+00	2.7456E-04	6.9706E-16
4.4500E+00	2.7298E-04	6.9311E-16
4.4600E+00	2.7141E-04	6.8920E-16
4.4700E+00	2.6985E-04	6.8527E-16
4.4800E+00	2.6829E-04	6.8140E-16
4.4900E+00	2.6675E-04	6.7755E-16
4.5000E+00	2.6522E-04	6.7372E-16
4.5100E+00	2.6369E-04	6.6986E-16
4.5200E+00	2.6218E-04	6.6611E-16
4.5300E+00	2.6068E-04	6.6233E-16
4.5400E+00	2.5918E-04	6.5861E-16
4.5500E+00	2.5770E-04	6.5486E-16
4.5600E+00	2.5622E-04	6.5118E-16
4.5700E+00	2.5475E-04	6.4751E-16
4.5800E+00	2.5329E-04	6.4385E-16
4.5900E+00	2.5184E-04	6.4022E-16
4.6000E+00	2.5040E-04	6.3662E-16
4.6100E+00	2.4897E-04	6.3303E-16
4.6200E+00	2.4755E-04	6.2946E-16
4.6300E+00	2.4613E-04	6.2593E-16
4.6400E+00	2.4473E-04	6.2243E-16
4.6500E+00	2.4333E-04	6.1890E-16
4.6600E+00	2.4194E-04	6.1541E-16
4.6700E+00	2.4056E-04	6.1196E-16
4.6800E+00	2.3919E-04	6.0854E-16
4.6900E+00	2.3783E-04	6.0512E-16
4.7000E+00	2.3647E-04	6.0172E-16
4.7100E+00	2.3513E-04	5.9835E-16
4.7200E+00	2.3379E-04	5.9499E-16
4.7300E+00	2.3246E-04	5.9166E-16
4.7400E+00	2.3114E-04	5.8835E-16
4.7500E+00	2.2982E-04	5.8506E-16
4.7600E+00	2.2852E-04	5.8177E-16
4.7700E+00	2.2722E-04	5.7853E-16
4.7800E+00	2.2593E-04	5.7529E-16
4.7900E+00	2.2465E-04	5.7208E-16
4.8000E+00	2.2338E-04	5.6888E-16
4.8100E+00	2.2211E-04	5.6572E-16
4.8200E+00	2.2085E-04	5.6256E-16
4.8300E+00	2.1960E-04	5.5943E-16
4.8400E+00	2.1836E-04	5.5631E-16
4.8500E+00	2.1713E-04	5.5322E-16
4.8600E+00	2.1590E-04	5.5012E-16
4.8700E+00	2.1468E-04	5.4706E-16
4.8800E+00	2.1346E-04	5.4403E-16
4.8900E+00	2.1226E-04	5.4100E-16
4.9000E+00	2.1106E-04	5.3800E-16
4.9100E+00	2.0987E-04	5.3500E-16
4.9200E+00	2.0869E-04	5.3203E-16
4.9300E+00	2.0751E-04	5.2909E-16
4.9400E+00	2.0634E-04	5.2616E-16
4.9500E+00	2.0518E-04	5.2323E-16
4.9600E+00	2.0403E-04	5.2033E-16
4.9700E+00	2.0288E-04	5.1745E-16
4.9800E+00	2.0174E-04	5.1459E-16
4.9900E+00	2.0060E-04	5.1175E-16
5.0000E+00	1.9948E-04	5.0892E-16
5.0100E+00	1.9836E-04	5.0611E-16
5.0200E+00	1.9724E-04	5.0332E-16
5.0300E+00	1.9614E-04	5.0052E-16
5.0400E+00	1.9504E-04	4.9777E-16
5.0500E+00	1.9394E-04	4.9503E-16
5.0600E+00	1.9286E-04	4.9229E-16
5.0700E+00	1.9178E-04	4.8957E-16
5.0800E+00	1.9070E-04	4.8689E-16
5.0900E+00	1.8964E-04	4.8421E-16
5.1000E+00	1.8858E-04	4.8153E-16
5.1100E+00	1.8752E-04	4.7890E-16
5.1200E+00	1.8648E-04	4.7625E-16
5.1300E+00	1.8543E-04	4.7364E-16
5.1400E+00	1.8440E-04	4.7105E-16
5.1500E+00	1.8337E-04	4.6845E-16
5.1600E+00	1.8235E-04	4.6588E-16
5.1700E+00	1.8133E-04	4.6333E-16
5.1800E+00	1.8032E-04	4.6078E-16
5.1900E+00	1.7932E-04	4.5828E-16
5.2000E+00	1.7832E-04	4.5576E-16
5.2100E+00	1.7733E-04	4.5327E-16
5.2200E+00	1.7634E-04	4.5077E-16
5.2300E+00	1.7536E-04	4.4832E-16
5.2400E+00	1.7439E-04	4.4586E-16
5.2500E+00	1.7342E-04	4.4343E-16
5.2600E+00	1.7246E-04	4.4099E-16
5.2700E+00	1.7150E-04	4.3860E-16
5.2800E+00	1.7055E-04	4.3620E-16
5.2900E+00	1.6960E-04	4.3383E-16
5.3000E+00	1.6866E-04	4.3146E-16
5.3100E+00	1.6773E-04	4.2911E-16
5.3200E+00	1.6680E-04	4.2679E-16
5.3300E+00	1.6588E-04	4.2446E-16
5.3400E+00	1.6496E-04	4.2214E-16
5.3500E+00	1.6405E-04	4.1984E-16
5.3600E+00	1.6314E-04	4.1757E-16
5.3700E+00	1.6224E-04	4.1531E-16
5.3800E+00	1.6135E-04	4.1305E-16
5.3900E+00	1.6046E-04	4.1081E-16
5.4000E+00	1.5957E-04	4.0857E-16
5.4100E+00	1.5869E-04	4.0637E-16
5.4200E+00	1.5782E-04	4.0417E-16
5.4300E+00	1.5695E-04	4.0197E-16
5.4400E+00	1.5609E-04	3.9980E-16
5.4500E+00	1.5523E-04	3.9764E-16
5.4600E+00	1.5437E-04	3.9547E-16
5.4700E+00	1.5353E-04	3.9336E-16
5.4800E+00	1.5268E-04	3.9123E-16
5.4900E+00	1.5184E-04	3.8911E-16
5.5000E+00	1.5101E-04	3.8701E-16
5.5100E+00	1.5018E-04	3.8491E-16
5.5200E+00	1.4936E-04	3.8285E-16
5.5300E+00	1.4854E-04	3.8079E-16
5.5400E+00	1.4773E-04	3.7874E-16
5.5500E+00	1.4692E-04	3.7670E-16
5.5600E+00	1.4611E-04	3.7467E-16
5.5700E+00	1.4532E-04	3.7266E-16
5.5800E+00	1.4452E-04	3.7065E-16
5.5900E+00	1.4373E-04	3.6865E-16
5.6000E+00	1.4295E-04	3.6668E-16
5.6100E+00	1.4217E-04	3.6469E-16
5.6200E+00	1.4139E-04	3.6274E-16
5.6300E+00	1.4062E-04	3.6082E-16
5.6400E+00	1.3985E-04	3.5887E-16
5.6500E+00	1.3909E-04	3.5695E-16
5.6600E+00	1.3833E-04	3.5504E-16
5.6700E+00	1.3758E-04	3.5315E-16
5.6800E+00	1.3683E-04	3.5126E-16
5.6900E+00	1.3609E-04	3.4938E-16
5.7000E+00	1.3535E-04	3.4750E-16
5.7100E+00	1.3461E-04	3.4564E-16
5.7200E+00	1.3388E-04	3.4379E-16
5.7300E+00	1.3315E-04	3.4196E-16
5.7400E+00	1.3243E-04	3.4015E-16
5.7500E+00	1.3171E-04	3.3832E-16
5.7600E+00	1.3100E-04	3.3654E-16
5.7700E+00	1.3029E-04	3.3474E-16
5.7800E+00	1.2958E-04	3.3296E-16
5.7900E+00	1.2888E-04	3.3119E-16
5.8000E+00	1.2818E-04	3.2943E-16
5.8100E+00	1.2749E-04	3.2767E-16
5.8200E+00	1.2680E-04	3.2593E-16
5.8300E+00	1.2612E-04	3.2421E-16
5.8400E+00	1.2544E-04	3.2247E-16
5.8500E+00	1.2476E-04	3.2075E-16
5.8600E+00	1.2409E-04	3.1906E-16
5.8700E+00	1.2342E-04	3.1736E-16
5.8800E+00	1.2275E-04	3.1568E-16
5.8900E+00	1.2209E-04	3.1402E-16
5.9000E+00	1.2143E-04	3.1236E-16
5.9100E+00	1.2078E-04	3.1071E-16
5.9200E+00	1.2013E-04	3.0907E-16
5.9300E+00	1.1948E-04	3.0743E-16
5.9400E+00	1.1884E-04	3.0580E-16
5.9500E+00	1.1820E-04	3.0419E-16
5.9600E+00	1.1757E-04	3.0259E-16
5.9700E+00	1.1694E-04	3.0100E-16
5.9800E+00	1.1631E-04	2.9941E-16
5.9900E+00	1.1568E-04	2.9783E-16
6.0000E+00	1.1506E-04	2.9625E-16
6.0100E+00	1.1445E-04	2.9470E-16
6.0200E+00	1.1383E-04	2.9316E-16
6.0300E+00	1.1323E-04	2.9160E-16
6.0400E+00	1.1262E-04	2.9007E-16
6.0500E+00	1.1202E-04	2.8855E-16
6.0600E+00	1.1142E-04	2.8704E-16
6.0700E+00	1.1082E-04	2.8553E-16
6.0800E+00	1.1023E-04	2.8403E-16
6.0900E+00	1.0964E-04	2.8253E-16
6.1000E+00	1.0906E-04	2.8107E-16
6.1100E+00	1.0848E-04	2.7958E-16
6.1200E+00	1.0790E-04	2.7811E-16
6.1300E+00	1.0732E-04	2.7667E-16
6.1400E+00	1.0675E-04	2.7522E-16
6.1500E+00	1.0618E-04	2.7378E-16
6.1600E+00	1.0562E-04	2.7234E-16
6.1700E+00	1.0506E-04	2.7092E-16
6.1800E+00	1.0450E-04	2.6951E-16
6.1900E+00	1.0394E-04	2.6810E-16
6.2000E+00	1.0339E-04	2.6671E-16
6.2100E+00	1.0284E-04	2.6532E-16
6.2200E+00	1.0230E-04	2.6393E-16
6.2300E+00	1.0176E-04	2.6256E-16
6.2400E+00	1.0122E-04	2.6120E-16
6.2500E+00	1.0068E-04	2.5983E-16
6.2600E+00	1.0015E-04	2.5848E-16
6.2700E+00	9.9616E-05	2.5713E-16
6.2800E+00	9.9089E-05	2.5580E-16
6.2900E+00	9.8565E-05	2.5447E-16
6.3000E+00	9.8044E-05	2.5316E-16
6.3100E+00	9.7526E-05	2.5185E-16
6.3200E+00	9.7011E-05	2.5054E-16
6.3300E+00	9.6499E-05	2.4924E-16
6.3400E+00	9.5990E-05	2.4794E-16
6.3500E+00	9.5484E-05	2.4666E-16
6.3600E+00	9.4981E-05	2.4538E-16
6.3700E+00	9.4481E-05	2.4413E-16
6.3800E+00	9.3983E-05	2.4285E-16
6.3900E+00	9.3488E-05	2.4160E-16
6.4000E+00	9.2997E-05	2.4036E-16
6.4100E+00	9.2508E-05	2.3911E-16
6.4200E+00	9.2021E-05	2.3787E-16
6.4300E+00	9.1538E-05	2.3666E-16
6.4400E+00	9.1057E-05	2.3543E-16
6.4500E+00	9.0579E-05	2.3422E-16
6.4600E+00	9.0104E-05	2.3301E-16
6.4700E+00	8.9632E-05	2.3181E-16
6.4800E+00	8.9162E-05	2.3061E-16
6.4900E+00	8.8695E-05	2.2943E-16
6.5000E+00	8.8230E-05	2.2825E-16
6.5100E+00	8.7768E-05	2.2709E-16
6.5200E+00	8.7309E-05	2.2591E-16
6.5300E+00	8.6853E-05	2.2474E-16
6.5400E+00	8.6399E-05	2.2361E-16
6.5500E+00	8.5947E-05	2.2246E-16
6.5600E+00	8.5499E-05	2.2131E-16
6.5700E+00	8.5052E-05	2.2018E-16
6.5800E+00	8.4609E-05	2.1906E-16
6.5900E+00	8.4167E-05	2.1794E-16
6.6000E+00	8.3729E-05	2.1681E-16
6.6100E+00	8.3292E-05	2.1571E-16
6.6200E+00	8.2859E-05	2.1461E-16
6.6300E+00	8.2427E-05	2.1351E-16
6.6400E+00	8.1999E-05	2.1241E-16
6.6500E+00	8.1572E-05	2.1134E-16
6.6600E+00	8.1148E-05	2.1025E-16
6.6700E+00	8.0727E-05	2.0919E-16
6.6800E+00	8.0307E-05	2.0812E-16
6.6900E+00	7.9891E-05	2.0706E-16
6.7000E+00	7.9476E-05	2.0600E-16
6.7100E+00	7.9064E-05	2.0496E-16
6.7200E+00	7.8654E-05	2.0391E-16
6.7300E+00	7.8247E-05	2.0288E-16
6.7400E+00	7.7841E-05	2.0185E-16
6.7500E+00	7.7438E-05	2.0082E-16
6.7600E+00	7.7038E-05	1.9979E-16
6.7700E+00	7.6639E-05	1.9878E-16
6.7800E+00	7.6243E-05	1.9777E-16
6.7900E+00	7.5849E-05	1.9678E-16
6.8000E+00	7.5458E-05	1.9578E-16
6.8100E+00	7.5068E-05	1.9479E-16
6.8200E+00	7.4681E-05	1.9380E-16
6.8300E+00	7.4296E-05	1.9282E-16
6.8400E+00	7.3913E-05	1.9184E-16
6.8500E+00	7.3532E-05	1.9087E-16
6.8600E+00	7.3153E-05	1.8991E-16
6.8700E+00	7.2776E-05	1.8895E-16
6.8800E+00	7.2402E-05	1.8799E-16
6.8900E+00	7.2030E-05	1.8705E-16
6.9000E+00	7.1659E-05	1.8611E-16
6.9100E+00	7.1291E-05	1.8516E-16
6.9200E+00	7.0925E-05	1.8424E-16
6.9300E+00	7.0561E-05	1.8329E-16
6.9400E+00	7.0199E-05	1.8238E-16
6.9500E+00	6.9839E-05	1.8146E-16
6.9600E+00	6.9481E-05	1.8055E-16
6.9700E+00	6.9125E-05	1.7964E-16
6.9800E+00	6.8771E-05	1.7874E-16
6.9900E+00	6.8418E-05	1.7785E-16
7.0000E+00	6.8068E-05	1.7695E-16
7.0100E+00	6.7720E-05	1.7606E-16
7.0200E+00	6.7374E-05	1.7518E-16
7.0300E+00	6.7030E-05	1.7430E-16
7.0400E+00	6.6687E-05	1.7343E-16
7.0500E+00	6.6347E-05	1.7256E-16
7.0600E+00	6.6008E-05	1.7170E-16
7.0700E+00	6.5671E-05	1.7084E-16
7.0800E+00	6.5337E-05	1.6998E-16
7.0900E+00	6.5004E-05	1.6914E-16
7.1000E+00	6.4672E-05	1.6828E-16
7.1100E+00	6.4343E-05	1.6745E-16
7.1200E+00	6.4016E-05	1.6662E-16
7.1300E+00	6.3690E-05	1.6578E-16
7.1400E+00	6.3366E-05	1.6494E-16
7.1500E+00	6.3044E-05	1.6412E-16
7.1600E+00	6.2724E-05	1.6331E-16
7.1700E+00	6.2405E-05	1.6250E-16
7.1800E+00	6.2088E-05	1.6169E-16
7.1900E+00	6.1773E-05	1.6089E-16
7.2000E+00	6.1460E-05	1.6008E-16
7.2100E+00	6.1149E-05	1.5929E-16
7.2200E+00	6.0839E-05	1.5850E-16
7.2300E+00	6.0531E-05	1.5771E-16
7.2400E+00	6.0224E-05	1.5693E-16
7.2500E+00	5.9920E-05	1.5615E-16
7.2600E+00	5.9617E-05	1.5538E-16
7.2700E+00	5.9315E-05	1.5461E-16
7.2800E+00	5.9015E-05	1.5384E-16
7.2900E+00	5.8717E-05	1.5308E-16
7.3000E+00	5.8421E-05	1.5232E-16
7.3100E+00	5.8126E-05	1.5156E-16
7.3200E+00	5.7833E-05	1.5082E-16
7.3300E+00	5.7541E-05	1.5007E-16
7.3400E+00	5.7251E-05	1.4933E-16
7.3500E+00	5.6963E-05	1.4860E-16
7.3600E+00	5.6676E-05	1.4786E-16
7.3700E+00	5.6391E-05	1.4712E-16
7.3800E+00	5.6107E-05	1.4640E-16
7.3900E+00	5.5825E-05	1.4568E-16
7.4000E+00	5.5545E-05	1.4496E-16
7.4100E+00	5.5266E-05	1.4425E-16
7.4200E+00	5.4988E-05	1.4354E-16
7.4300E+00	5.4712E-05	1.4283E-16
7.4400E+00	5.4438E-05	1.4214E-16
7.4500E+00	5.4165E-05	1.4143E-16
7.4600E+00	5.3893E-05	1.4074E-16
7.4700E+00	5.3623E-05	1.4004E-16
7.4800E+00	5.3355E-05	1.3936E-16
7.4900E+00	5.3088E-05	1.3868E-16
7.5000E+00	5.2822E-05	1.3799E-16
7.5100E+00	5.2558E-05	1.3732E-16
7.5200E+00	5.2295E-05	1.3664E-16
7.5300E+00	5.2034E-05	1.3597E-16
7.5400E+00	5.1774E-05	1.3531E-16
7.5500E+00	5.1515E-05	1.3465E-16
7.5600E+00	5.1258E-05	1.3399E-16
7.5700E+00	5.1003E-05	1.3333E-16
7.5800E+00	5.0748E-05	1.3269E-16
7.5900E+00	5.0495E-05	1.3203E-16
7.6000E+00	5.0244E-05	1.3138E-16
7.6100E+00	4.9994E-05	1.3075E-16
7.6200E+00	4.9745E-05	1.3011E-16
7.6300E+00	4.9497E-05	1.2948E-16
7.6400E+00	4.9251E-05	1.2885E-16
7.6500E+00	4.9006E-05	1.2822E-16
7.6600E+00	4.8763E-05	1.2760E-16
7.6700E+00	4.8521E-05	1.2697E-16
7.6800E+00	4.8280E-05	1.2635E-16
7.6900E+00	4.8040E-05	1.2574E-16
7.7000E+00	4.7802E-05	1.2513E-16
7.7100E+00	4.7565E-05	1.2452E-16
7.7200E+00	4.7330E-05	1.2392E-16
7.7300E+00	4.7095E-05	1.2331E-16
7.7400E+00	4.6862E-05	1.2271E-16
7.7500E+00	4.6630E-05	1.2212E-16
7.7600E+00	4.6399E-05	1.2153E-16
7.7700E+00	4.6170E-05	1.2094E-16
7.7800E+00	4.5942E-05	1.2036E-16
7.7900E+00	4.5715E-05	1.1977E-16
7.8000E+00	4.5489E-05	1.1919E-16
7.8100E+00	4.5265E-05	1.1862E-16
7.8200E+00	4.5041E-05	1.1804E-16
7.8300E+00	4.4819E-05	1.1748E-16
7.8400E+00	4.4598E-05	1.1690E-16
7.8500E+00	4.4379E-05	1.1634E-16
7.8600E+00	4.4160E-05	1.1578E-16
7.8700E+00	4.3943E-05	1.1522E-16
7.8800E+00	4.3727E-05	1.1466E-16
7.8900E+00	4.3511E-05	1.1411E-16
7.9000E+00	4.3298E-05	1.1356E-16
7.9100E+00	4.3085E-05	1.1302E-16
7.9200E+00	4.2873E-05	1.1247E-16
7.9300E+00	4.2663E-05	1.1193E-16
7.9400E+00	4.2453E-05	1.1139E-16
7.9500E+00	4.2245E-05	1.1086E-16
7.9600E+00	4.2038E-05	1.1033E-16
7.9700E+00	4.1832E-05	1.0980E-16
7.9800E+00	4.1627E-05	1.0927E-16
7.9900E+00	4.1423E-05	1.0875E-16
8.0000E+00	4.1220E-05	1.0823E-16
8.0100E+00	4.1019E-05	1.0771E-16
8.0200E+00	4.0818E-05	1.0719E-16
8.0300E+00	4.0619E-05	1.0667E-16
8.0400E+00	4.0420E-05	1.0617E-16
8.0500E+00	4.0223E-05	1.0566E-16
8.0600E+00	4.0026E-05	1.0516E-16
8.0700E+00	3.9831E-05	1.0465E-16
8.0800E+00	3.9637E-05	1.0415E-16
8.0900E+00	3.9443E-05	1.0365E-16
8.1000E+00	3.9251E-05	1.0316E-16
8.1100E+00	3.9060E-05	1.0266E-16
8.1200E+00	3.8870E-05	1.0218E-16
8.1300E+00	3.8681E-05	1.0169E-16
8.1400E+00	3.8492E-05	1.0121E-16
8.1500E+00	3.8305E-05	1.0072E-16
8.1600E+00	3.8119E-05	1.0024E-16
8.1700E+00	3.7934E-05	9.9768E-17
8.1800E+00	3.7750E-05	9.9288E-17
8.1900E+00	3.7566E-05	9.8818E-17
8.2000E+00	3.7384E-05	9.8350E-17
8.2100E+00	3.7203E-05	9.7884E-17
8.2200E+00	3.7022E-05	9.7416E-17
8.2300E+00	3.6843E-05	9.6955E-17
8.2400E+00	3.6664E-05	9.6500E-17
8.2500E+00	3.6487E-05	9.6039E-17
8.2600E+00	3.6310E-05	9.5580E-17
8.2700E+00	3.6135E-05	9.5129E-17
8.2800E+00	3.5960E-05	9.4676E-17
8.2900E+00	3.5786E-05	9.4230E-17
8.3000E+00	3.5613E-05	9.3784E-17
8.3100E+00	3.5441E-05	9.3342E-17
8.3200E+00	3.5270E-05	9.2898E-17
8.3300E+00	3.5100E-05	9.2462E-17
8.3400E+00	3.4930E-05	9.2020E-17
8.3500E+00	3.4762E-05	9.1587E-17
8.3600E+00	3.4594E-05	9.1157E-17
8.3700E+00	3.4428E-05	9.0725E-17
8.3800E+00	3.4262E-05	9.0300E-17
8.3900E+00	3.4097E-05	8.9874E-17
8.4000E+00	3.3933E-05	8.9451E-17
8.4100E+00	3.3770E-05	8.9031E-17
8.4200E+00	3.3607E-05	8.8612E-17
8.4300E+00	3.3446E-05	8.8192E-17
8.4400E+00	3.3285E-05	8.7778E-17
8.4500E+00	3.3126E-05	8.7369E-17
8.4600E+00	3.2967E-05	8.6955E-17
8.4700E+00	3.2808E-05	8.6545E-17
8.4800E+00	3.2651E-05	8.6145E-17
8.4900E+00	3.2495E-05	8.5738E-17
8.5000E+00	3.2339E-05	8.5334E-17
8.5100E+00	3.2184E-05	8.4937E-17
8.5200E+00	3.2030E-05	8.4538E-17
8.5300E+00	3.1877E-05	8.4140E-17
8.5400E+00	3.1724E-05	8.3743E-17
8.5500E+00	3.1573E-05	8.3355E-17
8.5600E+00	3.1422E-05	8.2965E-17
8.5700E+00	3.1272E-05	8.2578E-17
8.5800E+00	3.1122E-05	8.2189E-17
8.5900E+00	3.0974E-05	8.1806E-17
8.6000E+00	3.0826E-05	8.1426E-17
8.6100E+00	3.0679E-05	8.1045E-17
8.6200E+00	3.0533E-05	8.0668E-17
8.6300E+00	3.0387E-05	8.0290E-17
8.6400E+00	3.0242E-05	7.9916E-17
8.6500E+00	3.0098E-05	7.9545E-17
8.6600E+00	2.9955E-05	7.9173E-17
8.6700E+00	2.9813E-05	7.8806E-17
8.6800E+00	2.9671E-05	7.8437E-17
8.6900E+00	2.9530E-05	7.8073E-17
8.7000E+00	2.9390E-05	7.7714E-17
8.7100E+00	2.9250E-05	7.7347E-17
8.7200E+00	2.9111E-05	7.6989E-17
8.7300E+00	2.8973E-05	7.6633E-17
8.7400E+00	2.8836E-05	7.6276E-17
8.7500E+00	2.8699E-05	7.5922E-17
8.7600E+00	2.8563E-05	7.5571E-17
8.7700E+00	2.8428E-05	7.5218E-17
8.7800E+00	2.8293E-05	7.4872E-17
8.7900E+00	2.8159E-05	7.4523E-17
8.8000E+00	2.8026E-05	7.4178E-17
8.8100E+00	2.7893E-05	7.3833E-17
8.8200E+00	2.7761E-05	7.3495E-17
8.8300E+00	2.7630E-05	7.3154E-17
8.8400E+00	2.7500E-05	7.2815E-17
8.8500E+00	2.7370E-05	7.2482E-17
8.8600E+00	2.7241E-05	7.2144E-17
8.8700E+00	2.7112E-05	7.1812E-17
8.8800E+00	2.6984E-05	7.1480E-17
8.8900E+00	2.6857E-05	7.1149E-17
8.9000E+00	2.6731E-05	7.0823E-17
8.9100E+00	2.6605E-05	7.0497E-17
8.9200E+00	2.6479E-05	7.0172E-17
8.9300E+00	2.6355E-05	6.9851E-17
8.9400E+00	2.6231E-05	6.9528E-17
8.9500E+00	2.6108E-05	6.9207E-17
8.9600E+00	2.5985E-05	6.8888E-17
8.9700E+00	2.5863E-05	6.8572E-17
8.9800E+00	2.5741E-05	6.8254E-17
8.9900E+00	2.5620E-05	6.7943E-17
9.0000E+00	2.5500E-05	6.7630E-17
9.0100E+00	2.5381E-05	6.7321E-17
9.0200E+00	2.5262E-05	6.7012E-17
9.0300E+00	2.5143E-05	6.6708E-17
9.0400E+00	2.5025E-05	6.6398E-17
9.0500E+00	2.4908E-05	6.6097E-17
9.0600E+00	2.4792E-05	6.5793E-17
9.0700E+00	2.4676E-05	6.5490E-17
9.0800E+00	2.4560E-05	6.5190E-17
9.0900E+00	2.4445E-05	6.4892E-17
9.1000E+00	2.4331E-05	6.4595E-17
9.1100E+00	2.4218E-05	6.4302E-17
9.1200E+00	2.4104E-05	6.4008E-17
9.1300E+00	2.3992E-05	6.3716E-17
9.1400E+00	2.3880E-05	6.3425E-17
9.1500E+00	2.3769E-05	6.3136E-17
9.1600E+00	2.3658E-05	6.2844E-17
9.1700E+00	2.3548E-05	6.2562E-17
9.1800E+00	2.3438E-05	6.2275E-17
9.1900E+00	2.3329E-05	6.1992E-17
9.2000E+00	2.3220E-05	6.1711E-17
9.2100E+00	2.3112E-05	6.1428E-17
9.2200E+00	2.3005E-05	6.1150E-17
9.2300E+00	2.2898E-05	6.0873E-17
9.2400E+00	2.2791E-05	6.0593E-17
9.2500E+00	2.2685E-05	6.0318E-17
9.2600E+00	2.2580E-05	6.0048E-17
9.2700E+00	2.2475E-05	5.9771E-17
9.2800E+00	2.2371E-05	5.9502E-17
9.2900E+00	2.2267E-05	5.9233E-17
9.3000E+00	2.2164E-05	5.8963E-17
9.3100E+00	2.2061E-05	5.8698E-17
9.3200E+00	2.1959E-05	5.8431E-17
9.3300E+00	2.1858E-05	5.8165E-17
9.3400E+00	2.1756E-05	5.7904E-17
9.3500E+00	2.1656E-05	5.7639E-17
9.3600E+00	2.1556E-05	5.7378E-17
9.3700E+00	2.1456E-05	5.7121E-17
9.3800E+00	2.1357E-05	5.6861E-17
9.3900E+00	2.1258E-05	5.6606E-17
9.4000E+00	2.1160E-05	5.6349E-17
9.4100E+00	2.1062E-05	5.6095E-17
9.4200E+00	2.0965E-05	5.5840E-17
9.4300E+00	2.0869E-05	5.5593E-17
9.4400E+00	2.0772E-05	5.5339E-17
9.4500E+00	2.0677E-05	5.5094E-17
9.4600E+00	2.0581E-05	5.4843E-17
9.4700E+00	2.0487E-05	5.4598E-17
9.4800E+00	2.0392E-05	5.4349E-17
9.4900E+00	2.0299E-05	5.4105E-17
9.5000E+00	2.0205E-05	5.3864E-17
9.5100E+00	2.0112E-05	5.3622E-17
9.5200E+00	2.0020E-05	5.3377E-17
9.5300E+00	1.9928E-05	5.3140E-17
9.5400E+00	1.9837E-05	5.2901E-17
9.5500E+00	1.9745E-05	5.2663E-17
9.5600E+00	1.9655E-05	5.2427E-17
9.5700E+00	1.9565E-05	5.2192E-17
9.5800E+00	1.9475E-05	5.1960E-17
9.5900E+00	1.9386E-05	5.1726E-17
9.6000E+00	1.9297E-05	5.1494E-17
9.6100E+00	1.9209E-05	5.1265E-17
9.6200E+00	1.9121E-05	5.1036E-17
9.6300E+00	1.9033E-05	5.0806E-17
9.6400E+00	1.8946E-05	5.0583E-17
9.6500E+00	1.8860E-05	5.0352E-17
9.6600E+00	1.8774E-05	5.0130E-17
9.6700E+00	1.8688E-05	4.9904E-17
9.6800E+00	1.8602E-05	4.9681E-17
9.6900E+00	1.8518E-05	4.9460E-17
9.7000E+00	1.8433E-05	4.9240E-17
9.7100E+00	1.8349E-05	4.9020E-17
9.7200E+00	1.8265E-05	4.8802E-17
9.7300E+00	1.8182E-05	4.8584E-17
9.7400E+00	1.8099E-05	4.8368E-17
9.7500E+00	1.8017E-05	4.8150E-17
9.7600E+00	1.7935E-05	4.7938E-17
9.7700E+00	1.7853E-05	4.7726E-17
9.7800E+00	1.7772E-05	4.7512E-17
9.7900E+00	1.7691E-05	4.7302E-17
9.8000E+00	1.7611E-05	4.7090E-17
9.8100E+00	1.7531E-05	4.6880E-17
9.8200E+00	1.7451E-05	4.6674E-17
9.8300E+00	1.7372E-05	4.6469E-17
9.8400E+00	1.7293E-05	4.6262E-17
9.8500E+00	1.7215E-05	4.6054E-17
9.8600E+00	1.7137E-05	4.5852E-17
9.8700E+00	1.7059E-05	4.5649E-17
9.8800E+00	1.6982E-05	4.5446E-17
9.8900E+00	1.6905E-05	4.5244E-17
9.9000E+00	1.6828E-05	4.5043E-17
9.9100E+00	1.6752E-05	4.4846E-17
9.9200E+00	1.6677E-05	4.4645E-17
9.9300E+00	1.6601E-05	4.4449E-17
9.9400E+00	1.6526E-05	4.4252E-17
9.9500E+00	1.6451E-05	4.4058E-17
9.9600E+00	1.6377E-05	4.3863E-17
9.9700E+00	1.6303E-05	4.3671E-17
9.9800E+00	1.6230E-05	4.3480E-17
9.9900E+00	1.6156E-05	4.3286E-17
