Q2	Fs	dFs
0.0000E+00	0.0000E+00	0.0000E+00
1.0000E-02	8.3641E-05	2.8234E-05
2.0000E-02	1.6373E-04	5.2143E-05
3.0000E-02	2.4043E-04	7.2189E-05
4.0000E-02	3.1386E-04	8.8795E-05
5.0000E-02	3.8418E-04	1.0235E-04
6.0000E-02	4.5150E-04	1.1320E-04
7.0000E-02	5.1595E-04	1.2168E-04
8.0000E-02	5.7764E-04	1.2809E-04
9.0000E-02	6.3670E-04	1.3273E-04
1.0000E-01	6.9322E-04	1.3588E-04
1.1000E-01	7.4731E-04	1.3779E-04
1.2000E-01	7.9907E-04	1.3874E-04
1.3000E-01	8.4859E-04	1.3896E-04
1.4000E-01	8.9596E-04	1.3871E-04
1.5000E-01	9.4126E-04	1.3824E-04
1.6000E-01	9.8457E-04	1.3778E-04
1.7000E-01	1.0260E-03	1.3758E-04
1.8000E-01	1.0656E-03	1.3785E-04
1.9000E-01	1.1034E-03	1.3879E-04
2.0000E-01	1.1395E-03	1.4056E-04
2.1000E-01	1.1740E-03	1.4328E-04
2.2000E-01	1.2069E-03	1.4704E-04
2.3000E-01	1.2384E-03	1.5186E-04
2.4000E-01	1.2684E-03	1.5775E-04
2.5000E-01	1.2970E-03	1.6464E-04
2.6000E-01	1.3242E-03	1.7249E-04
2.7000E-01	1.3502E-03	1.8119E-04
2.8000E-01	1.3749E-03	1.9067E-04
2.9000E-01	1.3985E-03	2.0083E-04
3.0000E-01	1.4209E-03	2.1157E-04
3.1000E-01	1.4422E-03	2.2282E-04
3.2000E-01	1.4624E-03	2.3449E-04
3.3000E-01	1.4816E-03	2.4651E-04
3.4000E-01	1.4999E-03	2.5882E-04
3.5000E-01	1.5171E-03	2.7137E-04
3.6000E-01	1.5335E-03	2.8409E-04
3.7000E-01	1.5490E-03	2.9696E-04
3.8000E-01	1.5636E-03	3.0992E-04
3.9000E-01	1.5775E-03	3.2295E-04
4.0000E-01	1.5905E-03	3.3601E-04
4.1000E-01	1.6028E-03	3.4908E-04
4.2000E-01	1.6144E-03	3.6213E-04
4.3000E-01	1.6252E-03	3.7515E-04
4.4000E-01	1.6354E-03	3.8810E-04
4.5000E-01	1.6450E-03	4.0099E-04
4.6000E-01	1.6539E-03	4.1378E-04
4.7000E-01	1.6622E-03	4.2647E-04
4.8000E-01	1.6699E-03	4.3906E-04
4.9000E-01	1.6771E-03	4.5152E-04
5.0000E-01	1.6837E-03	4.6385E-04
5.1000E-01	1.6898E-03	4.7604E-04
5.2000E-01	1.6954E-03	4.8808E-04
5.3000E-01	1.7005E-03	4.9997E-04
5.4000E-01	1.7051E-03	5.1171E-04
5.5000E-01	1.7093E-03	5.2329E-04
5.6000E-01	1.7131E-03	5.3470E-04
5.7000E-01	1.7165E-03	5.4594E-04
5.8000E-01	1.7194E-03	5.5702E-04
5.9000E-01	1.7220E-03	5.6792E-04
6.0000E-01	1.7242E-03	5.7865E-04
6.1000E-01	1.7260E-03	5.8920E-04
6.2000E-01	1.7275E-03	5.9958E-04
6.3000E-01	1.7286E-03	6.0977E-04
6.4000E-01	1.7295E-03	6.1979E-04
6.5000E-01	1.7300E-03	6.2964E-04
6.6000E-01	1.7302E-03	6.3930E-04
6.7000E-01	1.7302E-03	6.4879E-04
6.8000E-01	1.7298E-03	6.5810E-04
6.9000E-01	1.7292E-03	6.6723E-04
7.0000E-01	1.7284E-03	6.7619E-04
7.1000E-01	1.7273E-03	6.8497E-04
7.2000E-01	1.7259E-03	6.9358E-04
7.3000E-01	1.7244E-03	7.0202E-04
7.4000E-01	1.7226E-03	7.1028E-04
7.5000E-01	1.7206E-03	7.1838E-04
7.6000E-01	1.7184E-03	7.2631E-04
7.7000E-01	1.7160E-03	7.3407E-04
7.8000E-01	1.7134E-03	7.4166E-04
7.9000E-01	1.7106E-03	7.4910E-04
8.0000E-01	1.7077E-03	7.5637E-04
8.1000E-01	1.7046E-03	7.6348E-04
8.2000E-01	1.7013E-03	7.7043E-04
8.3000E-01	1.6979E-03	7.7723E-04
8.4000E-01	1.6944E-03	7.8387E-04
8.5000E-01	1.6907E-03	7.9036E-04
8.6000E-01	1.6868E-03	7.9670E-04
8.7000E-01	1.6829E-03	8.0289E-04
8.8000E-01	1.6788E-03	8.0893E-04
8.9000E-01	1.6745E-03	8.1483E-04
9.0000E-01	1.6702E-03	8.2059E-04
9.1000E-01	1.6658E-03	8.2620E-04
9.2000E-01	1.6612E-03	8.3168E-04
9.3000E-01	1.6566E-03	8.3702E-04
9.4000E-01	1.6518E-03	8.4222E-04
9.5000E-01	1.6470E-03	8.4729E-04
9.6000E-01	1.6421E-03	8.5223E-04
9.7000E-01	1.6371E-03	8.5705E-04
9.8000E-01	1.6320E-03	8.6173E-04
9.9000E-01	1.6268E-03	8.6629E-04
1.0000E+00	1.6216E-03	8.7073E-04
1.0100E+00	1.6163E-03	8.7504E-04
1.0200E+00	1.6109E-03	8.7924E-04
1.0300E+00	1.6054E-03	8.8332E-04
1.0400E+00	1.6000E-03	8.8728E-04
1.0500E+00	1.5944E-03	8.9113E-04
1.0600E+00	1.5888E-03	8.9487E-04
1.0700E+00	1.5831E-03	8.9850E-04
1.0800E+00	1.5774E-03	9.0202E-04
1.0900E+00	1.5717E-03	9.0543E-04
1.1000E+00	1.5659E-03	9.0874E-04
1.1100E+00	1.5600E-03	9.1194E-04
1.1200E+00	1.5541E-03	9.1505E-04
1.1300E+00	1.5482E-03	9.1805E-04
1.1400E+00	1.5423E-03	9.2095E-04
1.1500E+00	1.5363E-03	9.2376E-04
1.1600E+00	1.5303E-03	9.2648E-04
1.1700E+00	1.5242E-03	9.2910E-04
1.1800E+00	1.5182E-03	9.3163E-04
1.1900E+00	1.5121E-03	9.3407E-04
1.2000E+00	1.5060E-03	9.3642E-04
1.2100E+00	1.4999E-03	9.3869E-04
1.2200E+00	1.4937E-03	9.4086E-04
1.2300E+00	1.4875E-03	9.4296E-04
1.2400E+00	1.4814E-03	9.4497E-04
1.2500E+00	1.4752E-03	9.4690E-04
1.2600E+00	1.4690E-03	9.4876E-04
1.2700E+00	1.4627E-03	9.5053E-04
1.2800E+00	1.4565E-03	9.5223E-04
1.2900E+00	1.4503E-03	9.5385E-04
1.3000E+00	1.4440E-03	9.5540E-04
1.3100E+00	1.4378E-03	9.5688E-04
1.3200E+00	1.4315E-03	9.5828E-04
1.3300E+00	1.4253E-03	9.5961E-04
1.3400E+00	1.4190E-03	9.6088E-04
1.3500E+00	1.4128E-03	9.6207E-04
1.3600E+00	1.4065E-03	9.6320E-04
1.3700E+00	1.4002E-03	9.6427E-04
1.3800E+00	1.3940E-03	9.6527E-04
1.3900E+00	1.3877E-03	9.6621E-04
1.4000E+00	1.3815E-03	9.6708E-04
1.4100E+00	1.3752E-03	9.6790E-04
1.4200E+00	1.3690E-03	9.6866E-04
1.4300E+00	1.3628E-03	9.6935E-04
1.4400E+00	1.3565E-03	9.6999E-04
1.4500E+00	1.3503E-03	9.7058E-04
1.4600E+00	1.3441E-03	9.7111E-04
1.4700E+00	1.3379E-03	9.7158E-04
1.4800E+00	1.3317E-03	9.7200E-04
1.4900E+00	1.3256E-03	9.7237E-04
1.5000E+00	1.3194E-03	9.7269E-04
1.5100E+00	1.3132E-03	9.7296E-04
1.5200E+00	1.3071E-03	9.7318E-04
1.5300E+00	1.3010E-03	9.7335E-04
1.5400E+00	1.2949E-03	9.7347E-04
1.5500E+00	1.2888E-03	9.7355E-04
1.5600E+00	1.2827E-03	9.7358E-04
1.5700E+00	1.2766E-03	9.7356E-04
1.5800E+00	1.2706E-03	9.7350E-04
1.5900E+00	1.2645E-03	9.7340E-04
1.6000E+00	1.2585E-03	9.7326E-04
1.6100E+00	1.2525E-03	9.7307E-04
1.6200E+00	1.2465E-03	9.7284E-04
1.6300E+00	1.2405E-03	9.7258E-04
1.6400E+00	1.2346E-03	9.7227E-04
1.6500E+00	1.2287E-03	9.7193E-04
1.6600E+00	1.2228E-03	9.7155E-04
1.6700E+00	1.2169E-03	9.7113E-04
1.6800E+00	1.2110E-03	9.7067E-04
1.6900E+00	1.2051E-03	9.7018E-04
1.7000E+00	1.1993E-03	9.6966E-04
1.7100E+00	1.1935E-03	9.6910E-04
1.7200E+00	1.1877E-03	9.6851E-04
1.7300E+00	1.1819E-03	9.6788E-04
1.7400E+00	1.1762E-03	9.6722E-04
1.7500E+00	1.1704E-03	9.6653E-04
1.7600E+00	1.1647E-03	9.6581E-04
1.7700E+00	1.1591E-03	9.6506E-04
1.7800E+00	1.1534E-03	9.6428E-04
1.7900E+00	1.1477E-03	9.6348E-04
1.8000E+00	1.1421E-03	9.6264E-04
1.8100E+00	1.1365E-03	9.6177E-04
1.8200E+00	1.1310E-03	9.6088E-04
1.8300E+00	1.1254E-03	9.5996E-04
1.8400E+00	1.1199E-03	9.5902E-04
1.8500E+00	1.1144E-03	9.5805E-04
1.8600E+00	1.1089E-03	9.5705E-04
1.8700E+00	1.1034E-03	9.5603E-04
1.8800E+00	1.0980E-03	9.5499E-04
1.8900E+00	1.0926E-03	9.5392E-04
1.9000E+00	1.0872E-03	9.5283E-04
1.9100E+00	1.0818E-03	9.5172E-04
1.9200E+00	1.0765E-03	9.5058E-04
1.9300E+00	1.0712E-03	9.4942E-04
1.9400E+00	1.0659E-03	9.4825E-04
1.9500E+00	1.0606E-03	9.4705E-04
1.9600E+00	1.0554E-03	9.4583E-04
1.9700E+00	1.0501E-03	9.4459E-04
1.9800E+00	1.0449E-03	9.4333E-04
1.9900E+00	1.0398E-03	9.4205E-04
2.0000E+00	1.0346E-03	9.4076E-04
2.0100E+00	1.0295E-03	9.3944E-04
2.0200E+00	1.0244E-03	9.3811E-04
2.0300E+00	1.0193E-03	9.3676E-04
2.0400E+00	1.0142E-03	9.3540E-04
2.0500E+00	1.0092E-03	9.3402E-04
2.0600E+00	1.0042E-03	9.3262E-04
2.0700E+00	9.9923E-04	9.3120E-04
2.0800E+00	9.9427E-04	9.2977E-04
2.0900E+00	9.8934E-04	9.2833E-04
2.1000E+00	9.8443E-04	9.2687E-04
2.1100E+00	9.7954E-04	9.2540E-04
2.1200E+00	9.7468E-04	9.2391E-04
2.1300E+00	9.6984E-04	9.2241E-04
2.1400E+00	9.6503E-04	9.2089E-04
2.1500E+00	9.6024E-04	9.1937E-04
2.1600E+00	9.5547E-04	9.1783E-04
2.1700E+00	9.5073E-04	9.1627E-04
2.1800E+00	9.4601E-04	9.1471E-04
2.1900E+00	9.4132E-04	9.1313E-04
2.2000E+00	9.3664E-04	9.1154E-04
2.2100E+00	9.3200E-04	9.0994E-04
2.2200E+00	9.2737E-04	9.0833E-04
2.2300E+00	9.2277E-04	9.0671E-04
2.2400E+00	9.1820E-04	9.0508E-04
2.2500E+00	9.1364E-04	9.0344E-04
2.2600E+00	9.0911E-04	9.0179E-04
2.2700E+00	9.0461E-04	9.0013E-04
2.2800E+00	9.0013E-04	8.9846E-04
2.2900E+00	8.9567E-04	8.9678E-04
2.3000E+00	8.9123E-04	8.9509E-04
2.3100E+00	8.8682E-04	8.9339E-04
2.3200E+00	8.8243E-04	8.9169E-04
2.3300E+00	8.7806E-04	8.8998E-04
2.3400E+00	8.7371E-04	8.8826E-04
2.3500E+00	8.6939E-04	8.8653E-04
2.3600E+00	8.6509E-04	8.8479E-04
2.3700E+00	8.6082E-04	8.8305E-04
2.3800E+00	8.5656E-04	8.8130E-04
2.3900E+00	8.5233E-04	8.7954E-04
2.4000E+00	8.4812E-04	8.7778E-04
2.4100E+00	8.4394E-04	8.7601E-04
2.4200E+00	8.3977E-04	8.7423E-04
2.4300E+00	8.3563E-04	8.7245E-04
2.4400E+00	8.3151E-04	8.7067E-04
2.4500E+00	8.2741E-04	8.6887E-04
2.4600E+00	8.2334E-04	8.6707E-04
2.4700E+00	8.1928E-04	8.6527E-04
2.4800E+00	8.1525E-04	8.6346E-04
2.4900E+00	8.1124E-04	8.6165E-04
2.5000E+00	8.0725E-04	8.5983E-04
2.5100E+00	8.0329E-04	8.5801E-04
2.5200E+00	7.9934E-04	8.5618E-04
2.5300E+00	7.9541E-04	8.5435E-04
2.5400E+00	7.9151E-04	8.5252E-04
2.5500E+00	7.8763E-04	8.5068E-04
2.5600E+00	7.8377E-04	8.4884E-04
2.5700E+00	7.7993E-04	8.4699E-04
2.5800E+00	7.7611E-04	8.4514E-04
2.5900E+00	7.7231E-04	8.4329E-04
2.6000E+00	7.6853E-04	8.4144E-04
2.6100E+00	7.6477E-04	8.3958E-04
2.6200E+00	7.6104E-04	8.3772E-04
2.6300E+00	7.5732E-04	8.3585E-04
2.6400E+00	7.5362E-04	8.3399E-04
2.6500E+00	7.4995E-04	8.3212E-04
2.6600E+00	7.4629E-04	8.3025E-04
2.6700E+00	7.4265E-04	8.2838E-04
2.6800E+00	7.3904E-04	8.2650E-04
2.6900E+00	7.3544E-04	8.2463E-04
2.7000E+00	7.3186E-04	8.2275E-04
2.7100E+00	7.2831E-04	8.2087E-04
2.7200E+00	7.2477E-04	8.1899E-04
2.7300E+00	7.2125E-04	8.1711E-04
2.7400E+00	7.1775E-04	8.1522E-04
2.7500E+00	7.1427E-04	8.1334E-04
2.7600E+00	7.1081E-04	8.1145E-04
2.7700E+00	7.0737E-04	8.0957E-04
2.7800E+00	7.0395E-04	8.0768E-04
2.7900E+00	7.0054E-04	8.0579E-04
2.8000E+00	6.9716E-04	8.0390E-04
2.8100E+00	6.9379E-04	8.0201E-04
2.8200E+00	6.9045E-04	8.0012E-04
2.8300E+00	6.8712E-04	7.9823E-04
2.8400E+00	6.8381E-04	7.9634E-04
2.8500E+00	6.8051E-04	7.9445E-04
2.8600E+00	6.7724E-04	7.9256E-04
2.8700E+00	6.7398E-04	7.9067E-04
2.8800E+00	6.7074E-04	7.8878E-04
2.8900E+00	6.6752E-04	7.8689E-04
2.9000E+00	6.6432E-04	7.8500E-04
2.9100E+00	6.6113E-04	7.8311E-04
2.9200E+00	6.5797E-04	7.8123E-04
2.9300E+00	6.5482E-04	7.7934E-04
2.9400E+00	6.5168E-04	7.7745E-04
2.9500E+00	6.4857E-04	7.7556E-04
2.9600E+00	6.4547E-04	7.7368E-04
2.9700E+00	6.4239E-04	7.7179E-04
2.9800E+00	6.3932E-04	7.6991E-04
2.9900E+00	6.3628E-04	7.6803E-04
3.0000E+00	6.3325E-04	7.6614E-04
3.0100E+00	6.3023E-04	7.6426E-04
3.0200E+00	6.2724E-04	7.6238E-04
3.0300E+00	6.2426E-04	7.6051E-04
3.0400E+00	6.2129E-04	7.5863E-04
3.0500E+00	6.1834E-04	7.5675E-04
3.0600E+00	6.1541E-04	7.5488E-04
3.0700E+00	6.1250E-04	7.5301E-04
3.0800E+00	6.0960E-04	7.5114E-04
3.0900E+00	6.0672E-04	7.4927E-04
3.1000E+00	6.0385E-04	7.4740E-04
3.1100E+00	6.0100E-04	7.4554E-04
3.1200E+00	5.9816E-04	7.4367E-04
3.1300E+00	5.9534E-04	7.4181E-04
3.1400E+00	5.9254E-04	7.3995E-04
3.1500E+00	5.8975E-04	7.3809E-04
3.1600E+00	5.8698E-04	7.3624E-04
3.1700E+00	5.8422E-04	7.3438E-04
3.1800E+00	5.8147E-04	7.3253E-04
3.1900E+00	5.7875E-04	7.3068E-04
3.2000E+00	5.7603E-04	7.2884E-04
3.2100E+00	5.7334E-04	7.2699E-04
3.2200E+00	5.7065E-04	7.2515E-04
3.2300E+00	5.6798E-04	7.2331E-04
3.2400E+00	5.6533E-04	7.2147E-04
3.2500E+00	5.6269E-04	7.1964E-04
3.2600E+00	5.6007E-04	7.1780E-04
3.2700E+00	5.5746E-04	7.1597E-04
3.2800E+00	5.5486E-04	7.1415E-04
3.2900E+00	5.5228E-04	7.1232E-04
3.3000E+00	5.4971E-04	7.1050E-04
3.3100E+00	5.4716E-04	7.0868E-04
3.3200E+00	5.4462E-04	7.0686E-04
3.3300E+00	5.4210E-04	7.0505E-04
3.3400E+00	5.3958E-04	7.0324E-04
3.3500E+00	5.3709E-04	7.0143E-04
3.3600E+00	5.3460E-04	6.9962E-04
3.3700E+00	5.3213E-04	6.9782E-04
3.3800E+00	5.2968E-04	6.9602E-04
3.3900E+00	5.2723E-04	6.9422E-04
3.4000E+00	5.2480E-04	6.9243E-04
3.4100E+00	5.2239E-04	6.9064E-04
3.4200E+00	5.1998E-04	6.8885E-04
3.4300E+00	5.1759E-04	6.8707E-04
3.4400E+00	5.1522E-04	6.8529E-04
3.4500E+00	5.1285E-04	6.8351E-04
3.4600E+00	5.1050E-04	6.8173E-04
3.4700E+00	5.0816E-04	6.7996E-04
3.4800E+00	5.0584E-04	6.7819E-04
3.4900E+00	5.0352E-04	6.7643E-04
3.5000E+00	5.0122E-04	6.7467E-04
3.5100E+00	4.9894E-04	6.7291E-04
3.5200E+00	4.9666E-04	6.7115E-04
3.5300E+00	4.9440E-04	6.6940E-04
3.5400E+00	4.9215E-04	6.6765E-04
3.5500E+00	4.8991E-04	6.6591E-04
3.5600E+00	4.8768E-04	6.6416E-04
3.5700E+00	4.8547E-04	6.6242E-04
3.5800E+00	4.8326E-04	6.6069E-04
3.5900E+00	4.8107E-04	6.5896E-04
3.6000E+00	4.7890E-04	6.5723E-04
3.6100E+00	4.7673E-04	6.5550E-04
3.6200E+00	4.7457E-04	6.5378E-04
3.6300E+00	4.7243E-04	6.5207E-04
3.6400E+00	4.7030E-04	6.5035E-04
3.6500E+00	4.6818E-04	6.4864E-04
3.6600E+00	4.6607E-04	6.4693E-04
3.6700E+00	4.6397E-04	6.4523E-04
3.6800E+00	4.6189E-04	6.4353E-04
3.6900E+00	4.5981E-04	6.4183E-04
3.7000E+00	4.5775E-04	6.4014E-04
3.7100E+00	4.5570E-04	6.3845E-04
3.7200E+00	4.5366E-04	6.3677E-04
3.7300E+00	4.5163E-04	6.3509E-04
3.7400E+00	4.4961E-04	6.3341E-04
3.7500E+00	4.4760E-04	6.3173E-04
3.7600E+00	4.4560E-04	6.3006E-04
3.7700E+00	4.4361E-04	6.2840E-04
3.7800E+00	4.4164E-04	6.2673E-04
3.7900E+00	4.3967E-04	6.2508E-04
3.8000E+00	4.3772E-04	6.2342E-04
3.8100E+00	4.3577E-04	6.2177E-04
3.8200E+00	4.3384E-04	6.2012E-04
3.8300E+00	4.3191E-04	6.1848E-04
3.8400E+00	4.3000E-04	6.1684E-04
3.8500E+00	4.2810E-04	6.1520E-04
3.8600E+00	4.2620E-04	6.1357E-04
3.8700E+00	4.2432E-04	6.1194E-04
3.8800E+00	4.2245E-04	6.1031E-04
3.8900E+00	4.2058E-04	6.0869E-04
3.9000E+00	4.1873E-04	6.0707E-04
3.9100E+00	4.1689E-04	6.0546E-04
3.9200E+00	4.1505E-04	6.0385E-04
3.9300E+00	4.1323E-04	6.0224E-04
3.9400E+00	4.1141E-04	6.0064E-04
3.9500E+00	4.0961E-04	5.9904E-04
3.9600E+00	4.0781E-04	5.9745E-04
3.9700E+00	4.0603E-04	5.9586E-04
3.9800E+00	4.0425E-04	5.9427E-04
3.9900E+00	4.0249E-04	5.9269E-04
4.0000E+00	4.0073E-04	5.9111E-04
4.0100E+00	3.9898E-04	5.8954E-04
4.0200E+00	3.9724E-04	5.8796E-04
4.0300E+00	3.9551E-04	5.8640E-04
4.0400E+00	3.9379E-04	5.8483E-04
4.0500E+00	3.9208E-04	5.8327E-04
4.0600E+00	3.9038E-04	5.8172E-04
4.0700E+00	3.8868E-04	5.8017E-04
4.0800E+00	3.8700E-04	5.7862E-04
4.0900E+00	3.8532E-04	5.7708E-04
4.1000E+00	3.8366E-04	5.7554E-04
4.1100E+00	3.8200E-04	5.7400E-04
4.1200E+00	3.8035E-04	5.7247E-04
4.1300E+00	3.7871E-04	5.7094E-04
4.1400E+00	3.7708E-04	5.6942E-04
4.1500E+00	3.7545E-04	5.6790E-04
4.1600E+00	3.7384E-04	5.6638E-04
4.1700E+00	3.7223E-04	5.6487E-04
4.1800E+00	3.7063E-04	5.6336E-04
4.1900E+00	3.6904E-04	5.6185E-04
4.2000E+00	3.6746E-04	5.6035E-04
4.2100E+00	3.6589E-04	5.5886E-04
4.2200E+00	3.6432E-04	5.5736E-04
4.2300E+00	3.6277E-04	5.5587E-04
4.2400E+00	3.6122E-04	5.5439E-04
4.2500E+00	3.5968E-04	5.5291E-04
4.2600E+00	3.5814E-04	5.5143E-04
4.2700E+00	3.5662E-04	5.4996E-04
4.2800E+00	3.5510E-04	5.4849E-04
4.2900E+00	3.5359E-04	5.4702E-04
4.3000E+00	3.5209E-04	5.4556E-04
4.3100E+00	3.5060E-04	5.4410E-04
4.3200E+00	3.4911E-04	5.4265E-04
4.3300E+00	3.4763E-04	5.4120E-04
4.3400E+00	3.4616E-04	5.3975E-04
4.3500E+00	3.4470E-04	5.3831E-04
4.3600E+00	3.4324E-04	5.3687E-04
4.3700E+00	3.4179E-04	5.3544E-04
4.3800E+00	3.4035E-04	5.3401E-04
4.3900E+00	3.3892E-04	5.3258E-04
4.4000E+00	3.3749E-04	5.3116E-04
4.4100E+00	3.3608E-04	5.2974E-04
4.4200E+00	3.3466E-04	5.2832E-04
4.4300E+00	3.3326E-04	5.2691E-04
4.4400E+00	3.3186E-04	5.2550E-04
4.4500E+00	3.3047E-04	5.2410E-04
4.4600E+00	3.2909E-04	5.2270E-04
4.4700E+00	3.2772E-04	5.2130E-04
4.4800E+00	3.2635E-04	5.1991E-04
4.4900E+00	3.2499E-04	5.1852E-04
4.5000E+00	3.2363E-04	5.1714E-04
4.5100E+00	3.2228E-04	5.1576E-04
4.5200E+00	3.2094E-04	5.1438E-04
4.5300E+00	3.1961E-04	5.1301E-04
4.5400E+00	3.1828E-04	5.1164E-04
4.5500E+00	3.1696E-04	5.1027E-04
4.5600E+00	3.1565E-04	5.0891E-04
4.5700E+00	3.1434E-04	5.0755E-04
4.5800E+00	3.1304E-04	5.0620E-04
4.5900E+00	3.1174E-04	5.0485E-04
4.6000E+00	3.1046E-04	5.0350E-04
4.6100E+00	3.0918E-04	5.0216E-04
4.6200E+00	3.0790E-04	5.0082E-04
4.6300E+00	3.0663E-04	4.9949E-04
4.6400E+00	3.0537E-04	4.9815E-04
4.6500E+00	3.0412E-04	4.9683E-04
4.6600E+00	3.0287E-04	4.9550E-04
4.6700E+00	3.0163E-04	4.9418E-04
4.6800E+00	3.0039E-04	4.9287E-04
4.6900E+00	2.9916E-04	4.9155E-04
4.7000E+00	2.9793E-04	4.9024E-04
4.7100E+00	2.9672E-04	4.8894E-04
4.7200E+00	2.9550E-04	4.8764E-04
4.7300E+00	2.9430E-04	4.8634E-04
4.7400E+00	2.9310E-04	4.8504E-04
4.7500E+00	2.9191E-04	4.8375E-04
4.7600E+00	2.9072E-04	4.8247E-04
4.7700E+00	2.8954E-04	4.8118E-04
4.7800E+00	2.8836E-04	4.7990E-04
4.7900E+00	2.8719E-04	4.7863E-04
4.8000E+00	2.8603E-04	4.7735E-04
4.8100E+00	2.8487E-04	4.7609E-04
4.8200E+00	2.8371E-04	4.7482E-04
4.8300E+00	2.8257E-04	4.7356E-04
4.8400E+00	2.8143E-04	4.7230E-04
4.8500E+00	2.8029E-04	4.7105E-04
4.8600E+00	2.7916E-04	4.6980E-04
4.8700E+00	2.7804E-04	4.6855E-04
4.8800E+00	2.7692E-04	4.6731E-04
4.8900E+00	2.7580E-04	4.6607E-04
4.9000E+00	2.7470E-04	4.6483E-04
4.9100E+00	2.7359E-04	4.6360E-04
4.9200E+00	2.7250E-04	4.6237E-04
4.9300E+00	2.7140E-04	4.6114E-04
4.9400E+00	2.7032E-04	4.5992E-04
4.9500E+00	2.6924E-04	4.5870E-04
4.9600E+00	2.6816E-04	4.5749E-04
4.9700E+00	2.6709E-04	4.5627E-04
4.9800E+00	2.6603E-04	4.5507E-04
4.9900E+00	2.6497E-04	4.5386E-04
5.0000E+00	2.6391E-04	4.5266E-04
5.0100E+00	2.6286E-04	4.5146E-04
5.0200E+00	2.6182E-04	4.5027E-04
5.0300E+00	2.6078E-04	4.4908E-04
5.0400E+00	2.5975E-04	4.4789E-04
5.0500E+00	2.5872E-04	4.4671E-04
5.0600E+00	2.5769E-04	4.4553E-04
5.0700E+00	2.5667E-04	4.4435E-04
5.0800E+00	2.5566E-04	4.4318E-04
5.0900E+00	2.5465E-04	4.4201E-04
5.1000E+00	2.5365E-04	4.4084E-04
5.1100E+00	2.5265E-04	4.3968E-04
5.1200E+00	2.5165E-04	4.3852E-04
5.1300E+00	2.5066E-04	4.3736E-04
5.1400E+00	2.4968E-04	4.3621E-04
5.1500E+00	2.4870E-04	4.3506E-04
5.1600E+00	2.4772E-04	4.3391E-04
5.1700E+00	2.4675E-04	4.3277E-04
5.1800E+00	2.4578E-04	4.3163E-04
5.1900E+00	2.4482E-04	4.3049E-04
5.2000E+00	2.4387E-04	4.2936E-04
5.2100E+00	2.4291E-04	4.2823E-04
5.2200E+00	2.4197E-04	4.2710E-04
5.2300E+00	2.4102E-04	4.2598E-04
5.2400E+00	2.4008E-04	4.2486E-04
5.2500E+00	2.3915E-04	4.2374E-04
5.2600E+00	2.3822E-04	4.2263E-04
5.2700E+00	2.3729E-04	4.2152E-04
5.2800E+00	2.3637E-04	4.2041E-04
5.2900E+00	2.3546E-04	4.1931E-04
5.3000E+00	2.3455E-04	4.1821E-04
5.3100E+00	2.3364E-04	4.1711E-04
5.3200E+00	2.3273E-04	4.1602E-04
5.3300E+00	2.3184E-04	4.1493E-04
5.3400E+00	2.3094E-04	4.1384E-04
5.3500E+00	2.3005E-04	4.1276E-04
5.3600E+00	2.2916E-04	4.1168E-04
5.3700E+00	2.2828E-04	4.1060E-04
5.3800E+00	2.2740E-04	4.0953E-04
5.3900E+00	2.2653E-04	4.0845E-04
5.4000E+00	2.2566E-04	4.0739E-04
5.4100E+00	2.2480E-04	4.0632E-04
5.4200E+00	2.2393E-04	4.0526E-04
5.4300E+00	2.2308E-04	4.0420E-04
5.4400E+00	2.2222E-04	4.0315E-04
5.4500E+00	2.2138E-04	4.0209E-04
5.4600E+00	2.2053E-04	4.0104E-04
5.4700E+00	2.1969E-04	4.0000E-04
5.4800E+00	2.1885E-04	3.9896E-04
5.4900E+00	2.1802E-04	3.9792E-04
5.5000E+00	2.1719E-04	3.9688E-04
5.5100E+00	2.1636E-04	3.9584E-04
5.5200E+00	2.1554E-04	3.9481E-04
5.5300E+00	2.1472E-04	3.9379E-04
5.5400E+00	2.1391E-04	3.9276E-04
5.5500E+00	2.1310E-04	3.9174E-04
5.5600E+00	2.1229E-04	3.9072E-04
5.5700E+00	2.1149E-04	3.8971E-04
5.5800E+00	2.1069E-04	3.8869E-04
5.5900E+00	2.0990E-04	3.8768E-04
5.6000E+00	2.0911E-04	3.8668E-04
5.6100E+00	2.0832E-04	3.8567E-04
5.6200E+00	2.0753E-04	3.8467E-04
5.6300E+00	2.0675E-04	3.8368E-04
5.6400E+00	2.0598E-04	3.8268E-04
5.6500E+00	2.0520E-04	3.8169E-04
5.6600E+00	2.0443E-04	3.8070E-04
5.6700E+00	2.0367E-04	3.7971E-04
5.6800E+00	2.0291E-04	3.7873E-04
5.6900E+00	2.0215E-04	3.7775E-04
5.7000E+00	2.0139E-04	3.7677E-04
5.7100E+00	2.0064E-04	3.7580E-04
5.7200E+00	1.9989E-04	3.7483E-04
5.7300E+00	1.9915E-04	3.7386E-04
5.7400E+00	1.9840E-04	3.7290E-04
5.7500E+00	1.9767E-04	3.7193E-04
5.7600E+00	1.9693E-04	3.7097E-04
5.7700E+00	1.9620E-04	3.7002E-04
5.7800E+00	1.9547E-04	3.6906E-04
5.7900E+00	1.9475E-04	3.6811E-04
5.8000E+00	1.9403E-04	3.6716E-04
5.8100E+00	1.9331E-04	3.6622E-04
5.8200E+00	1.9259E-04	3.6527E-04
5.8300E+00	1.9188E-04	3.6433E-04
5.8400E+00	1.9117E-04	3.6340E-04
5.8500E+00	1.9047E-04	3.6246E-04
5.8600E+00	1.8977E-04	3.6153E-04
5.8700E+00	1.8907E-04	3.6060E-04
5.8800E+00	1.8837E-04	3.5968E-04
5.8900E+00	1.8768E-04	3.5875E-04
5.9000E+00	1.8699E-04	3.5783E-04
5.9100E+00	1.8630E-04	3.5691E-04
5.9200E+00	1.8562E-04	3.5600E-04
5.9300E+00	1.8494E-04	3.5509E-04
5.9400E+00	1.8427E-04	3.5418E-04
5.9500E+00	1.8359E-04	3.5327E-04
5.9600E+00	1.8292E-04	3.5237E-04
5.9700E+00	1.8225E-04	3.5147E-04
5.9800E+00	1.8159E-04	3.5057E-04
5.9900E+00	1.8093E-04	3.4967E-04
6.0000E+00	1.8027E-04	3.4878E-04
6.0100E+00	1.7961E-04	3.4789E-04
6.0200E+00	1.7896E-04	3.4700E-04
6.0300E+00	1.7831E-04	3.4611E-04
6.0400E+00	1.7766E-04	3.4523E-04
6.0500E+00	1.7702E-04	3.4435E-04
6.0600E+00	1.7638E-04	3.4347E-04
6.0700E+00	1.7574E-04	3.4260E-04
6.0800E+00	1.7511E-04	3.4172E-04
6.0900E+00	1.7447E-04	3.4085E-04
6.1000E+00	1.7384E-04	3.3999E-04
6.1100E+00	1.7322E-04	3.3912E-04
6.1200E+00	1.7259E-04	3.3826E-04
6.1300E+00	1.7197E-04	3.3740E-04
6.1400E+00	1.7135E-04	3.3654E-04
6.1500E+00	1.7074E-04	3.3569E-04
6.1600E+00	1.7012E-04	3.3484E-04
6.1700E+00	1.6951E-04	3.3399E-04
6.1800E+00	1.6891E-04	3.3314E-04
6.1900E+00	1.6830E-04	3.3230E-04
6.2000E+00	1.6770E-04	3.3145E-04
6.2100E+00	1.6710E-04	3.3061E-04
6.2200E+00	1.6650E-04	3.2978E-04
6.2300E+00	1.6591E-04	3.2894E-04
6.2400E+00	1.6532E-04	3.2811E-04
6.2500E+00	1.6473E-04	3.2728E-04
6.2600E+00	1.6414E-04	3.2645E-04
6.2700E+00	1.6356E-04	3.2563E-04
6.2800E+00	1.6298E-04	3.2481E-04
6.2900E+00	1.6240E-04	3.2399E-04
6.3000E+00	1.6182E-04	3.2317E-04
6.3100E+00	1.6125E-04	3.2236E-04
6.3200E+00	1.6068E-04	3.2154E-04
6.3300E+00	1.6011E-04	3.2073E-04
6.3400E+00	1.5954E-04	3.1993E-04
6.3500E+00	1.5898E-04	3.1912E-04
6.3600E+00	1.5842E-04	3.1832E-04
6.3700E+00	1.5786E-04	3.1752E-04
6.3800E+00	1.5730E-04	3.1672E-04
6.3900E+00	1.5675E-04	3.1592E-04
6.4000E+00	1.5620E-04	3.1513E-04
6.4100E+00	1.5565E-04	3.1434E-04
6.4200E+00	1.5510E-04	3.1355E-04
6.4300E+00	1.5456E-04	3.1276E-04
6.4400E+00	1.5402E-04	3.1198E-04
6.4500E+00	1.5348E-04	3.1120E-04
6.4600E+00	1.5294E-04	3.1042E-04
6.4700E+00	1.5241E-04	3.0964E-04
6.4800E+00	1.5187E-04	3.0887E-04
6.4900E+00	1.5134E-04	3.0810E-04
6.5000E+00	1.5081E-04	3.0733E-04
6.5100E+00	1.5029E-04	3.0656E-04
6.5200E+00	1.4977E-04	3.0579E-04
6.5300E+00	1.4924E-04	3.0503E-04
6.5400E+00	1.4873E-04	3.0427E-04
6.5500E+00	1.4821E-04	3.0351E-04
6.5600E+00	1.4770E-04	3.0275E-04
6.5700E+00	1.4718E-04	3.0200E-04
6.5800E+00	1.4667E-04	3.0125E-04
6.5900E+00	1.4617E-04	3.0050E-04
6.6000E+00	1.4566E-04	2.9975E-04
6.6100E+00	1.4516E-04	2.9900E-04
6.6200E+00	1.4466E-04	2.9826E-04
6.6300E+00	1.4416E-04	2.9752E-04
6.6400E+00	1.4366E-04	2.9678E-04
6.6500E+00	1.4316E-04	2.9604E-04
6.6600E+00	1.4267E-04	2.9531E-04
6.6700E+00	1.4218E-04	2.9458E-04
6.6800E+00	1.4169E-04	2.9385E-04
6.6900E+00	1.4121E-04	2.9312E-04
6.7000E+00	1.4072E-04	2.9239E-04
6.7100E+00	1.4024E-04	2.9167E-04
6.7200E+00	1.3976E-04	2.9095E-04
6.7300E+00	1.3928E-04	2.9023E-04
6.7400E+00	1.3880E-04	2.8951E-04
6.7500E+00	1.3833E-04	2.8879E-04
6.7600E+00	1.3786E-04	2.8808E-04
6.7700E+00	1.3739E-04	2.8737E-04
6.7800E+00	1.3692E-04	2.8666E-04
6.7900E+00	1.3645E-04	2.8595E-04
6.8000E+00	1.3599E-04	2.8525E-04
6.8100E+00	1.3553E-04	2.8455E-04
6.8200E+00	1.3507E-04	2.8384E-04
6.8300E+00	1.3461E-04	2.8315E-04
6.8400E+00	1.3415E-04	2.8245E-04
6.8500E+00	1.3370E-04	2.8175E-04
6.8600E+00	1.3325E-04	2.8106E-04
6.8700E+00	1.3279E-04	2.8037E-04
6.8800E+00	1.3235E-04	2.7968E-04
6.8900E+00	1.3190E-04	2.7900E-04
6.9000E+00	1.3145E-04	2.7831E-04
6.9100E+00	1.3101E-04	2.7763E-04
6.9200E+00	1.3057E-04	2.7695E-04
6.9300E+00	1.3013E-04	2.7627E-04
6.9400E+00	1.2969E-04	2.7559E-04
6.9500E+00	1.2926E-04	2.7492E-04
6.9600E+00	1.2882E-04	2.7425E-04
6.9700E+00	1.2839E-04	2.7358E-04
6.9800E+00	1.2796E-04	2.7291E-04
6.9900E+00	1.2753E-04	2.7224E-04
7.0000E+00	1.2710E-04	2.7158E-04
7.0100E+00	1.2668E-04	2.7091E-04
7.0200E+00	1.2626E-04	2.7025E-04
7.0300E+00	1.2584E-04	2.6959E-04
7.0400E+00	1.2542E-04	2.6894E-04
7.0500E+00	1.2500E-04	2.6828E-04
7.0600E+00	1.2458E-04	2.6763E-04
7.0700E+00	1.2417E-04	2.6698E-04
7.0800E+00	1.2375E-04	2.6633E-04
7.0900E+00	1.2334E-04	2.6568E-04
7.1000E+00	1.2293E-04	2.6503E-04
7.1100E+00	1.2253E-04	2.6439E-04
7.1200E+00	1.2212E-04	2.6375E-04
7.1300E+00	1.2171E-04	2.6311E-04
7.1400E+00	1.2131E-04	2.6247E-04
7.1500E+00	1.2091E-04	2.6183E-04
7.1600E+00	1.2051E-04	2.6120E-04
7.1700E+00	1.2011E-04	2.6057E-04
7.1800E+00	1.1972E-04	2.5994E-04
7.1900E+00	1.1932E-04	2.5931E-04
7.2000E+00	1.1893E-04	2.5868E-04
7.2100E+00	1.1854E-04	2.5806E-04
7.2200E+00	1.1815E-04	2.5743E-04
7.2300E+00	1.1776E-04	2.5681E-04
7.2400E+00	1.1737E-04	2.5619E-04
7.2500E+00	1.1699E-04	2.5557E-04
7.2600E+00	1.1661E-04	2.5496E-04
7.2700E+00	1.1622E-04	2.5434E-04
7.2800E+00	1.1584E-04	2.5373E-04
7.2900E+00	1.1546E-04	2.5312E-04
7.3000E+00	1.1509E-04	2.5251E-04
7.3100E+00	1.1471E-04	2.5190E-04
7.3200E+00	1.1434E-04	2.5130E-04
7.3300E+00	1.1397E-04	2.5069E-04
7.3400E+00	1.1359E-04	2.5009E-04
7.3500E+00	1.1322E-04	2.4949E-04
7.3600E+00	1.1286E-04	2.4889E-04
7.3700E+00	1.1249E-04	2.4830E-04
7.3800E+00	1.1212E-04	2.4770E-04
7.3900E+00	1.1176E-04	2.4711E-04
7.4000E+00	1.1140E-04	2.4651E-04
7.4100E+00	1.1104E-04	2.4592E-04
7.4200E+00	1.1068E-04	2.4534E-04
7.4300E+00	1.1032E-04	2.4475E-04
7.4400E+00	1.0996E-04	2.4416E-04
7.4500E+00	1.0961E-04	2.4358E-04
7.4600E+00	1.0926E-04	2.4300E-04
7.4700E+00	1.0890E-04	2.4242E-04
7.4800E+00	1.0855E-04	2.4184E-04
7.4900E+00	1.0820E-04	2.4127E-04
7.5000E+00	1.0786E-04	2.4069E-04
7.5100E+00	1.0751E-04	2.4012E-04
7.5200E+00	1.0716E-04	2.3955E-04
7.5300E+00	1.0682E-04	2.3898E-04
7.5400E+00	1.0648E-04	2.3841E-04
7.5500E+00	1.0614E-04	2.3784E-04
7.5600E+00	1.0580E-04	2.3728E-04
7.5700E+00	1.0546E-04	2.3671E-04
7.5800E+00	1.0512E-04	2.3615E-04
7.5900E+00	1.0479E-04	2.3559E-04
7.6000E+00	1.0445E-04	2.3503E-04
7.6100E+00	1.0412E-04	2.3447E-04
7.6200E+00	1.0379E-04	2.3392E-04
7.6300E+00	1.0346E-04	2.3337E-04
7.6400E+00	1.0313E-04	2.3281E-04
7.6500E+00	1.0280E-04	2.3226E-04
7.6600E+00	1.0247E-04	2.3171E-04
7.6700E+00	1.0215E-04	2.3117E-04
7.6800E+00	1.0182E-04	2.3062E-04
7.6900E+00	1.0150E-04	2.3008E-04
7.7000E+00	1.0118E-04	2.2953E-04
7.7100E+00	1.0086E-04	2.2899E-04
7.7200E+00	1.0054E-04	2.2845E-04
7.7300E+00	1.0022E-04	2.2791E-04
7.7400E+00	9.9908E-05	2.2738E-04
7.7500E+00	9.9593E-05	2.2684E-04
7.7600E+00	9.9279E-05	2.2631E-04
7.7700E+00	9.8966E-05	2.2578E-04
7.7800E+00	9.8655E-05	2.2524E-04
7.7900E+00	9.8345E-05	2.2472E-04
7.8000E+00	9.8036E-05	2.2419E-04
7.8100E+00	9.7728E-05	2.2366E-04
7.8200E+00	9.7421E-05	2.2314E-04
7.8300E+00	9.7116E-05	2.2261E-04
7.8400E+00	9.6812E-05	2.2209E-04
7.8500E+00	9.6509E-05	2.2157E-04
7.8600E+00	9.6207E-05	2.2105E-04
7.8700E+00	9.5907E-05	2.2054E-04
7.8800E+00	9.5607E-05	2.2002E-04
7.8900E+00	9.5309E-05	2.1951E-04
7.9000E+00	9.5012E-05	2.1899E-04
7.9100E+00	9.4716E-05	2.1848E-04
7.9200E+00	9.4421E-05	2.1797E-04
7.9300E+00	9.4127E-05	2.1746E-04
7.9400E+00	9.3835E-05	2.1696E-04
7.9500E+00	9.3543E-05	2.1645E-04
7.9600E+00	9.3253E-05	2.1595E-04
7.9700E+00	9.2964E-05	2.1545E-04
7.9800E+00	9.2676E-05	2.1494E-04
7.9900E+00	9.2389E-05	2.1444E-04
8.0000E+00	9.2103E-05	2.1395E-04
8.0100E+00	9.1818E-05	2.1345E-04
8.0200E+00	9.1535E-05	2.1295E-04
8.0300E+00	9.1252E-05	2.1246E-04
8.0400E+00	9.0971E-05	2.1197E-04
8.0500E+00	9.0690E-05	2.1147E-04
8.0600E+00	9.0411E-05	2.1098E-04
8.0700E+00	9.0133E-05	2.1050E-04
8.0800E+00	8.9856E-05	2.1001E-04
8.0900E+00	8.9580E-05	2.0952E-04
8.1000E+00	8.9304E-05	2.0904E-04
8.1100E+00	8.9030E-05	2.0855E-04
8.1200E+00	8.8758E-05	2.0807E-04
8.1300E+00	8.8486E-05	2.0759E-04
8.1400E+00	8.8215E-05	2.0711E-04
8.1500E+00	8.7945E-05	2.0663E-04
8.1600E+00	8.7676E-05	2.0616E-04
8.1700E+00	8.7408E-05	2.0568E-04
8.1800E+00	8.7141E-05	2.0521E-04
8.1900E+00	8.6876E-05	2.0474E-04
8.2000E+00	8.6611E-05	2.0427E-04
8.2100E+00	8.6347E-05	2.0380E-04
8.2200E+00	8.6084E-05	2.0333E-04
8.2300E+00	8.5823E-05	2.0286E-04
8.2400E+00	8.5562E-05	2.0239E-04
8.2500E+00	8.5302E-05	2.0193E-04
8.2600E+00	8.5043E-05	2.0147E-04
8.2700E+00	8.4786E-05	2.0100E-04
8.2800E+00	8.4529E-05	2.0054E-04
8.2900E+00	8.4273E-05	2.0008E-04
8.3000E+00	8.4018E-05	1.9963E-04
8.3100E+00	8.3764E-05	1.9917E-04
8.3200E+00	8.3511E-05	1.9871E-04
8.3300E+00	8.3259E-05	1.9826E-04
8.3400E+00	8.3008E-05	1.9781E-04
8.3500E+00	8.2758E-05	1.9735E-04
8.3600E+00	8.2509E-05	1.9690E-04
8.3700E+00	8.2260E-05	1.9645E-04
8.3800E+00	8.2013E-05	1.9601E-04
8.3900E+00	8.1766E-05	1.9556E-04
8.4000E+00	8.1521E-05	1.9511E-04
8.4100E+00	8.1276E-05	1.9467E-04
8.4200E+00	8.1033E-05	1.9423E-04
8.4300E+00	8.0790E-05	1.9378E-04
8.4400E+00	8.0548E-05	1.9334E-04
8.4500E+00	8.0307E-05	1.9290E-04
8.4600E+00	8.0067E-05	1.9247E-04
8.4700E+00	7.9828E-05	1.9203E-04
8.4800E+00	7.9590E-05	1.9159E-04
8.4900E+00	7.9352E-05	1.9116E-04
8.5000E+00	7.9116E-05	1.9073E-04
8.5100E+00	7.8880E-05	1.9029E-04
8.5200E+00	7.8645E-05	1.8986E-04
8.5300E+00	7.8412E-05	1.8943E-04
8.5400E+00	7.8179E-05	1.8900E-04
8.5500E+00	7.7946E-05	1.8858E-04
8.5600E+00	7.7715E-05	1.8815E-04
8.5700E+00	7.7485E-05	1.8772E-04
8.5800E+00	7.7255E-05	1.8730E-04
8.5900E+00	7.7026E-05	1.8688E-04
8.6000E+00	7.6798E-05	1.8646E-04
8.6100E+00	7.6571E-05	1.8604E-04
8.6200E+00	7.6345E-05	1.8562E-04
8.6300E+00	7.6120E-05	1.8520E-04
8.6400E+00	7.5895E-05	1.8478E-04
8.6500E+00	7.5671E-05	1.8437E-04
8.6600E+00	7.5449E-05	1.8395E-04
8.6700E+00	7.5226E-05	1.8354E-04
8.6800E+00	7.5005E-05	1.8313E-04
8.6900E+00	7.4785E-05	1.8271E-04
8.7000E+00	7.4565E-05	1.8230E-04
8.7100E+00	7.4346E-05	1.8190E-04
8.7200E+00	7.4128E-05	1.8149E-04
8.7300E+00	7.3911E-05	1.8108E-04
8.7400E+00	7.3694E-05	1.8067E-04
8.7500E+00	7.3479E-05	1.8027E-04
8.7600E+00	7.3264E-05	1.7987E-04
8.7700E+00	7.3050E-05	1.7946E-04
8.7800E+00	7.2836E-05	1.7906E-04
8.7900E+00	7.2624E-05	1.7866E-04
8.8000E+00	7.2412E-05	1.7826E-04
8.8100E+00	7.2201E-05	1.7787E-04
8.8200E+00	7.1991E-05	1.7747E-04
8.8300E+00	7.1781E-05	1.7707E-04
8.8400E+00	7.1573E-05	1.7668E-04
8.8500E+00	7.1365E-05	1.7629E-04
8.8600E+00	7.1157E-05	1.7589E-04
8.8700E+00	7.0951E-05	1.7550E-04
8.8800E+00	7.0745E-05	1.7511E-04
8.8900E+00	7.0540E-05	1.7472E-04
8.9000E+00	7.0336E-05	1.7433E-04
8.9100E+00	7.0132E-05	1.7395E-04
8.9200E+00	6.9930E-05	1.7356E-04
8.9300E+00	6.9728E-05	1.7317E-04
8.9400E+00	6.9526E-05	1.7279E-04
8.9500E+00	6.9326E-05	1.7241E-04
8.9600E+00	6.9126E-05	1.7203E-04
8.9700E+00	6.8927E-05	1.7164E-04
8.9800E+00	6.8728E-05	1.7127E-04
8.9900E+00	6.8531E-05	1.7089E-04
9.0000E+00	6.8334E-05	1.7051E-04
9.0100E+00	6.8137E-05	1.7013E-04
9.0200E+00	6.7942E-05	1.6976E-04
9.0300E+00	6.7747E-05	1.6938E-04
9.0400E+00	6.7553E-05	1.6901E-04
9.0500E+00	6.7359E-05	1.6863E-04
9.0600E+00	6.7166E-05	1.6826E-04
9.0700E+00	6.6974E-05	1.6789E-04
9.0800E+00	6.6783E-05	1.6752E-04
9.0900E+00	6.6592E-05	1.6715E-04
9.1000E+00	6.6402E-05	1.6679E-04
9.1100E+00	6.6212E-05	1.6642E-04
9.1200E+00	6.6024E-05	1.6605E-04
9.1300E+00	6.5836E-05	1.6569E-04
9.1400E+00	6.5648E-05	1.6532E-04
9.1500E+00	6.5461E-05	1.6496E-04
9.1600E+00	6.5275E-05	1.6460E-04
9.1700E+00	6.5090E-05	1.6424E-04
9.1800E+00	6.4905E-05	1.6388E-04
9.1900E+00	6.4721E-05	1.6352E-04
9.2000E+00	6.4538E-05	1.6316E-04
9.2100E+00	6.4355E-05	1.6280E-04
9.2200E+00	6.4173E-05	1.6245E-04
9.2300E+00	6.3991E-05	1.6209E-04
9.2400E+00	6.3810E-05	1.6174E-04
9.2500E+00	6.3630E-05	1.6139E-04
9.2600E+00	6.3450E-05	1.6103E-04
9.2700E+00	6.3271E-05	1.6068E-04
9.2800E+00	6.3093E-05	1.6033E-04
9.2900E+00	6.2915E-05	1.5998E-04
9.3000E+00	6.2738E-05	1.5963E-04
9.3100E+00	6.2562E-05	1.5929E-04
9.3200E+00	6.2386E-05	1.5894E-04
9.3300E+00	6.2211E-05	1.5859E-04
9.3400E+00	6.2036E-05	1.5825E-04
9.3500E+00	6.1862E-05	1.5791E-04
9.3600E+00	6.1689E-05	1.5756E-04
9.3700E+00	6.1516E-05	1.5722E-04
9.3800E+00	6.1344E-05	1.5688E-04
9.3900E+00	6.1172E-05	1.5654E-04
9.4000E+00	6.1001E-05	1.5620E-04
9.4100E+00	6.0831E-05	1.5586E-04
9.4200E+00	6.0661E-05	1.5552E-04
9.4300E+00	6.0492E-05	1.5519E-04
9.4400E+00	6.0323E-05	1.5485E-04
9.4500E+00	6.0155E-05	1.5452E-04
9.4600E+00	5.9988E-05	1.5418E-04
9.4700E+00	5.9821E-05	1.5385E-04
9.4800E+00	5.9654E-05	1.5352E-04
9.4900E+00	5.9489E-05	1.5319E-04
9.5000E+00	5.9323E-05	1.5286E-04
9.5100E+00	5.9159E-05	1.5253E-04
9.5200E+00	5.8995E-05	1.5220E-04
9.5300E+00	5.8831E-05	1.5187E-04
9.5400E+00	5.8669E-05	1.5154E-04
9.5500E+00	5.8506E-05	1.5122E-04
9.5600E+00	5.8344E-05	1.5089E-04
9.5700E+00	5.8183E-05	1.5057E-04
9.5800E+00	5.8023E-05	1.5024E-04
9.5900E+00	5.7863E-05	1.4992E-04
9.6000E+00	5.7703E-05	1.4960E-04
9.6100E+00	5.7544E-05	1.4928E-04
9.6200E+00	5.7386E-05	1.4896E-04
9.6300E+00	5.7228E-05	1.4864E-04
9.6400E+00	5.7070E-05	1.4832E-04
9.6500E+00	5.6914E-05	1.4800E-04
9.6600E+00	5.6757E-05	1.4769E-04
9.6700E+00	5.6601E-05	1.4737E-04
9.6800E+00	5.6446E-05	1.4705E-04
9.6900E+00	5.6292E-05	1.4674E-04
9.7000E+00	5.6137E-05	1.4643E-04
9.7100E+00	5.5984E-05	1.4611E-04
9.7200E+00	5.5831E-05	1.4580E-04
9.7300E+00	5.5678E-05	1.4549E-04
9.7400E+00	5.5526E-05	1.4518E-04
9.7500E+00	5.5375E-05	1.4487E-04
9.7600E+00	5.5223E-05	1.4456E-04
9.7700E+00	5.5073E-05	1.4426E-04
9.7800E+00	5.4923E-05	1.4395E-04
9.7900E+00	5.4773E-05	1.4364E-04
9.8000E+00	5.4624E-05	1.4334E-04
9.8100E+00	5.4476E-05	1.4303E-04
9.8200E+00	5.4328E-05	1.4273E-04
9.8300E+00	5.4181E-05	1.4243E-04
9.8400E+00	5.4034E-05	1.4212E-04
9.8500E+00	5.3887E-05	1.4182E-04
9.8600E+00	5.3741E-05	1.4152E-04
9.8700E+00	5.3596E-05	1.4122E-04
9.8800E+00	5.3451E-05	1.4092E-04
9.8900E+00	5.3306E-05	1.4063E-04
9.9000E+00	5.3162E-05	1.4033E-04
9.9100E+00	5.3019E-05	1.4003E-04
9.9200E+00	5.2875E-05	1.3974E-04
9.9300E+00	5.2733E-05	1.3944E-04
9.9400E+00	5.2591E-05	1.3915E-04
9.9500E+00	5.2449E-05	1.3885E-04
9.9600E+00	5.2308E-05	1.3856E-04
9.9700E+00	5.2167E-05	1.3827E-04
9.9800E+00	5.2027E-05	1.3798E-04
9.9900E+00	5.1887E-05	1.3769E-04
