Q2	Fs	dFs
0.0000E+00	0.0000E+00	0.0000E+00
1.0000E-02	2.2177E-05	3.8264E-05
2.0000E-02	4.3163E-05	7.3489E-05
3.0000E-02	6.3020E-05	1.0599E-04
4.0000E-02	8.1809E-05	1.3604E-04
5.0000E-02	9.9584E-05	1.6388E-04
6.0000E-02	1.1640E-04	1.8972E-04
7.0000E-02	1.3230E-04	2.1375E-04
8.0000E-02	1.4734E-04	2.3613E-04
9.0000E-02	1.6156E-04	2.5700E-04
1.0000E-01	1.7500E-04	2.7649E-04
1.1000E-01	1.8770E-04	2.9473E-04
1.2000E-01	1.9970E-04	3.1180E-04
1.3000E-01	2.1104E-04	3.2781E-04
1.4000E-01	2.2174E-04	3.4283E-04
1.5000E-01	2.3183E-04	3.5695E-04
1.6000E-01	2.4136E-04	3.7022E-04
1.7000E-01	2.5034E-04	3.8271E-04
1.8000E-01	2.5880E-04	3.9447E-04
1.9000E-01	2.6677E-04	4.0556E-04
2.0000E-01	2.7427E-04	4.1602E-04
2.1000E-01	2.8132E-04	4.2589E-04
2.2000E-01	2.8795E-04	4.3521E-04
2.3000E-01	2.9417E-04	4.4401E-04
2.4000E-01	3.0001E-04	4.5233E-04
2.5000E-01	3.0548E-04	4.6019E-04
2.6000E-01	3.1060E-04	4.6763E-04
2.7000E-01	3.1539E-04	4.7466E-04
2.8000E-01	3.1986E-04	4.8132E-04
2.9000E-01	3.2403E-04	4.8761E-04
3.0000E-01	3.2790E-04	4.9357E-04
3.1000E-01	3.3151E-04	4.9921E-04
3.2000E-01	3.3485E-04	5.0454E-04
3.3000E-01	3.3794E-04	5.0959E-04
3.4000E-01	3.4080E-04	5.1437E-04
3.5000E-01	3.4343E-04	5.1889E-04
3.6000E-01	3.4584E-04	5.2316E-04
3.7000E-01	3.4804E-04	5.2720E-04
3.8000E-01	3.5005E-04	5.3101E-04
3.9000E-01	3.5187E-04	5.3462E-04
4.0000E-01	3.5351E-04	5.3802E-04
4.1000E-01	3.5498E-04	5.4123E-04
4.2000E-01	3.5629E-04	5.4426E-04
4.3000E-01	3.5744E-04	5.4711E-04
4.4000E-01	3.5844E-04	5.4980E-04
4.5000E-01	3.5930E-04	5.5232E-04
4.6000E-01	3.6003E-04	5.5469E-04
4.7000E-01	3.6063E-04	5.5692E-04
4.8000E-01	3.6110E-04	5.5900E-04
4.9000E-01	3.6146E-04	5.6095E-04
5.0000E-01	3.6171E-04	5.6277E-04
5.1000E-01	3.6185E-04	5.6447E-04
5.2000E-01	3.6189E-04	5.6604E-04
5.3000E-01	3.6183E-04	5.6750E-04
5.4000E-01	3.6168E-04	5.6886E-04
5.5000E-01	3.6145E-04	5.7011E-04
5.6000E-01	3.6113E-04	5.7126E-04
5.7000E-01	3.6073E-04	5.7231E-04
5.8000E-01	3.6026E-04	5.7326E-04
5.9000E-01	3.5971E-04	5.7413E-04
6.0000E-01	3.5910E-04	5.7491E-04
6.1000E-01	3.5842E-04	5.7561E-04
6.2000E-01	3.5768E-04	5.7622E-04
6.3000E-01	3.5688E-04	5.7676E-04
6.4000E-01	3.5602E-04	5.7722E-04
6.5000E-01	3.5511E-04	5.7762E-04
6.6000E-01	3.5415E-04	5.7794E-04
6.7000E-01	3.5314E-04	5.7819E-04
6.8000E-01	3.5209E-04	5.7839E-04
6.9000E-01	3.5099E-04	5.7852E-04
7.0000E-01	3.4986E-04	5.7858E-04
7.1000E-01	3.4868E-04	5.7860E-04
7.2000E-01	3.4747E-04	5.7855E-04
7.3000E-01	3.4622E-04	5.7845E-04
7.4000E-01	3.4494E-04	5.7830E-04
7.5000E-01	3.4363E-04	5.7810E-04
7.6000E-01	3.4229E-04	5.7785E-04
7.7000E-01	3.4093E-04	5.7755E-04
7.8000E-01	3.3953E-04	5.7721E-04
7.9000E-01	3.3812E-04	5.7682E-04
8.0000E-01	3.3668E-04	5.7639E-04
8.1000E-01	3.3522E-04	5.7593E-04
8.2000E-01	3.3374E-04	5.7542E-04
8.3000E-01	3.3224E-04	5.7487E-04
8.4000E-01	3.3072E-04	5.7428E-04
8.5000E-01	3.2918E-04	5.7366E-04
8.6000E-01	3.2763E-04	5.7301E-04
8.7000E-01	3.2607E-04	5.7232E-04
8.8000E-01	3.2449E-04	5.7160E-04
8.9000E-01	3.2291E-04	5.7085E-04
9.0000E-01	3.2131E-04	5.7007E-04
9.1000E-01	3.1970E-04	5.6926E-04
9.2000E-01	3.1808E-04	5.6842E-04
9.3000E-01	3.1645E-04	5.6755E-04
9.4000E-01	3.1481E-04	5.6666E-04
9.5000E-01	3.1317E-04	5.6574E-04
9.6000E-01	3.1152E-04	5.6480E-04
9.7000E-01	3.0987E-04	5.6383E-04
9.8000E-01	3.0821E-04	5.6284E-04
9.9000E-01	3.0655E-04	5.6183E-04
1.0000E+00	3.0488E-04	5.6080E-04
1.0100E+00	3.0321E-04	5.5975E-04
1.0200E+00	3.0154E-04	5.5867E-04
1.0300E+00	2.9987E-04	5.5758E-04
1.0400E+00	2.9819E-04	5.5647E-04
1.0500E+00	2.9652E-04	5.5534E-04
1.0600E+00	2.9484E-04	5.5419E-04
1.0700E+00	2.9316E-04	5.5303E-04
1.0800E+00	2.9149E-04	5.5185E-04
1.0900E+00	2.8982E-04	5.5066E-04
1.1000E+00	2.8814E-04	5.4945E-04
1.1100E+00	2.8647E-04	5.4822E-04
1.1200E+00	2.8480E-04	5.4698E-04
1.1300E+00	2.8314E-04	5.4573E-04
1.1400E+00	2.8147E-04	5.4446E-04
1.1500E+00	2.7981E-04	5.4319E-04
1.1600E+00	2.7816E-04	5.4190E-04
1.1700E+00	2.7651E-04	5.4060E-04
1.1800E+00	2.7486E-04	5.3928E-04
1.1900E+00	2.7321E-04	5.3796E-04
1.2000E+00	2.7157E-04	5.3663E-04
1.2100E+00	2.6994E-04	5.3528E-04
1.2200E+00	2.6831E-04	5.3393E-04
1.2300E+00	2.6668E-04	5.3257E-04
1.2400E+00	2.6506E-04	5.3120E-04
1.2500E+00	2.6345E-04	5.2982E-04
1.2600E+00	2.6184E-04	5.2843E-04
1.2700E+00	2.6024E-04	5.2704E-04
1.2800E+00	2.5865E-04	5.2564E-04
1.2900E+00	2.5706E-04	5.2423E-04
1.3000E+00	2.5547E-04	5.2281E-04
1.3100E+00	2.5390E-04	5.2139E-04
1.3200E+00	2.5233E-04	5.1996E-04
1.3300E+00	2.5077E-04	5.1853E-04
1.3400E+00	2.4921E-04	5.1709E-04
1.3500E+00	2.4766E-04	5.1564E-04
1.3600E+00	2.4612E-04	5.1419E-04
1.3700E+00	2.4459E-04	5.1274E-04
1.3800E+00	2.4306E-04	5.1128E-04
1.3900E+00	2.4154E-04	5.0982E-04
1.4000E+00	2.4003E-04	5.0835E-04
1.4100E+00	2.3852E-04	5.0688E-04
1.4200E+00	2.3703E-04	5.0541E-04
1.4300E+00	2.3554E-04	5.0393E-04
1.4400E+00	2.3406E-04	5.0245E-04
1.4500E+00	2.3259E-04	5.0097E-04
1.4600E+00	2.3112E-04	4.9948E-04
1.4700E+00	2.2966E-04	4.9799E-04
1.4800E+00	2.2821E-04	4.9650E-04
1.4900E+00	2.2677E-04	4.9501E-04
1.5000E+00	2.2534E-04	4.9351E-04
1.5100E+00	2.2392E-04	4.9202E-04
1.5200E+00	2.2250E-04	4.9052E-04
1.5300E+00	2.2109E-04	4.8902E-04
1.5400E+00	2.1969E-04	4.8752E-04
1.5500E+00	2.1830E-04	4.8602E-04
1.5600E+00	2.1691E-04	4.8451E-04
1.5700E+00	2.1554E-04	4.8301E-04
1.5800E+00	2.1417E-04	4.8151E-04
1.5900E+00	2.1281E-04	4.8000E-04
1.6000E+00	2.1146E-04	4.7850E-04
1.6100E+00	2.1012E-04	4.7699E-04
1.6200E+00	2.0879E-04	4.7549E-04
1.6300E+00	2.0746E-04	4.7398E-04
1.6400E+00	2.0614E-04	4.7248E-04
1.6500E+00	2.0483E-04	4.7098E-04
1.6600E+00	2.0353E-04	4.6947E-04
1.6700E+00	2.0224E-04	4.6797E-04
1.6800E+00	2.0095E-04	4.6647E-04
1.6900E+00	1.9968E-04	4.6497E-04
1.7000E+00	1.9841E-04	4.6347E-04
1.7100E+00	1.9715E-04	4.6197E-04
1.7200E+00	1.9590E-04	4.6047E-04
1.7300E+00	1.9465E-04	4.5897E-04
1.7400E+00	1.9342E-04	4.5748E-04
1.7500E+00	1.9219E-04	4.5598E-04
1.7600E+00	1.9097E-04	4.5449E-04
1.7700E+00	1.8976E-04	4.5300E-04
1.7800E+00	1.8855E-04	4.5151E-04
1.7900E+00	1.8736E-04	4.5002E-04
1.8000E+00	1.8617E-04	4.4854E-04
1.8100E+00	1.8499E-04	4.4705E-04
1.8200E+00	1.8382E-04	4.4557E-04
1.8300E+00	1.8265E-04	4.4409E-04
1.8400E+00	1.8150E-04	4.4262E-04
1.8500E+00	1.8035E-04	4.4114E-04
1.8600E+00	1.7921E-04	4.3967E-04
1.8700E+00	1.7807E-04	4.3820E-04
1.8800E+00	1.7695E-04	4.3673E-04
1.8900E+00	1.7583E-04	4.3526E-04
1.9000E+00	1.7472E-04	4.3380E-04
1.9100E+00	1.7362E-04	4.3234E-04
1.9200E+00	1.7252E-04	4.3088E-04
1.9300E+00	1.7143E-04	4.2943E-04
1.9400E+00	1.7035E-04	4.2798E-04
1.9500E+00	1.6928E-04	4.2653E-04
1.9600E+00	1.6822E-04	4.2508E-04
1.9700E+00	1.6716E-04	4.2364E-04
1.9800E+00	1.6611E-04	4.2220E-04
1.9900E+00	1.6506E-04	4.2076E-04
2.0000E+00	1.6403E-04	4.1933E-04
2.0100E+00	1.6300E-04	4.1790E-04
2.0200E+00	1.6198E-04	4.1647E-04
2.0300E+00	1.6096E-04	4.1504E-04
2.0400E+00	1.5995E-04	4.1362E-04
2.0500E+00	1.5895E-04	4.1220E-04
2.0600E+00	1.5796E-04	4.1079E-04
2.0700E+00	1.5697E-04	4.0938E-04
2.0800E+00	1.5599E-04	4.0797E-04
2.0900E+00	1.5502E-04	4.0657E-04
2.1000E+00	1.5405E-04	4.0517E-04
2.1100E+00	1.5310E-04	4.0377E-04
2.1200E+00	1.5214E-04	4.0238E-04
2.1300E+00	1.5120E-04	4.0099E-04
2.1400E+00	1.5026E-04	3.9960E-04
2.1500E+00	1.4932E-04	3.9822E-04
2.1600E+00	1.4840E-04	3.9684E-04
2.1700E+00	1.4748E-04	3.9546E-04
2.1800E+00	1.4657E-04	3.9409E-04
2.1900E+00	1.4566E-04	3.9272E-04
2.2000E+00	1.4476E-04	3.9136E-04
2.2100E+00	1.4387E-04	3.9000E-04
2.2200E+00	1.4298E-04	3.8864E-04
2.2300E+00	1.4210E-04	3.8729E-04
2.2400E+00	1.4122E-04	3.8594E-04
2.2500E+00	1.4035E-04	3.8459E-04
2.2600E+00	1.3949E-04	3.8325E-04
2.2700E+00	1.3863E-04	3.8191E-04
2.2800E+00	1.3778E-04	3.8058E-04
2.2900E+00	1.3694E-04	3.7925E-04
2.3000E+00	1.3610E-04	3.7793E-04
2.3100E+00	1.3527E-04	3.7660E-04
2.3200E+00	1.3444E-04	3.7529E-04
2.3300E+00	1.3362E-04	3.7397E-04
2.3400E+00	1.3280E-04	3.7266E-04
2.3500E+00	1.3199E-04	3.7136E-04
2.3600E+00	1.3119E-04	3.7006E-04
2.3700E+00	1.3039E-04	3.6876E-04
2.3800E+00	1.2960E-04	3.6747E-04
2.3900E+00	1.2881E-04	3.6618E-04
2.4000E+00	1.2803E-04	3.6489E-04
2.4100E+00	1.2725E-04	3.6361E-04
2.4200E+00	1.2648E-04	3.6233E-04
2.4300E+00	1.2572E-04	3.6106E-04
2.4400E+00	1.2496E-04	3.5979E-04
2.4500E+00	1.2421E-04	3.5852E-04
2.4600E+00	1.2346E-04	3.5726E-04
2.4700E+00	1.2271E-04	3.5601E-04
2.4800E+00	1.2198E-04	3.5475E-04
2.4900E+00	1.2124E-04	3.5351E-04
2.5000E+00	1.2051E-04	3.5226E-04
2.5100E+00	1.1979E-04	3.5102E-04
2.5200E+00	1.1907E-04	3.4978E-04
2.5300E+00	1.1836E-04	3.4855E-04
2.5400E+00	1.1765E-04	3.4732E-04
2.5500E+00	1.1695E-04	3.4610E-04
2.5600E+00	1.1625E-04	3.4488E-04
2.5700E+00	1.1556E-04	3.4367E-04
2.5800E+00	1.1487E-04	3.4245E-04
2.5900E+00	1.1419E-04	3.4125E-04
2.6000E+00	1.1351E-04	3.4004E-04
2.6100E+00	1.1284E-04	3.3884E-04
2.6200E+00	1.1217E-04	3.3765E-04
2.6300E+00	1.1151E-04	3.3646E-04
2.6400E+00	1.1085E-04	3.3527E-04
2.6500E+00	1.1019E-04	3.3409E-04
2.6600E+00	1.0954E-04	3.3291E-04
2.6700E+00	1.0890E-04	3.3174E-04
2.6800E+00	1.0825E-04	3.3057E-04
2.6900E+00	1.0762E-04	3.2940E-04
2.7000E+00	1.0699E-04	3.2824E-04
2.7100E+00	1.0636E-04	3.2708E-04
2.7200E+00	1.0573E-04	3.2593E-04
2.7300E+00	1.0512E-04	3.2478E-04
2.7400E+00	1.0450E-04	3.2363E-04
2.7500E+00	1.0389E-04	3.2249E-04
2.7600E+00	1.0328E-04	3.2135E-04
2.7700E+00	1.0268E-04	3.2022E-04
2.7800E+00	1.0208E-04	3.1909E-04
2.7900E+00	1.0149E-04	3.1796E-04
2.8000E+00	1.0090E-04	3.1684E-04
2.8100E+00	1.0032E-04	3.1573E-04
2.8200E+00	9.9735E-05	3.1461E-04
2.8300E+00	9.9157E-05	3.1350E-04
2.8400E+00	9.8584E-05	3.1240E-04
2.8500E+00	9.8015E-05	3.1130E-04
2.8600E+00	9.7449E-05	3.1020E-04
2.8700E+00	9.6888E-05	3.0911E-04
2.8800E+00	9.6330E-05	3.0802E-04
2.8900E+00	9.5777E-05	3.0694E-04
2.9000E+00	9.5227E-05	3.0585E-04
2.9100E+00	9.4680E-05	3.0478E-04
2.9200E+00	9.4138E-05	3.0370E-04
2.9300E+00	9.3599E-05	3.0264E-04
2.9400E+00	9.3064E-05	3.0157E-04
2.9500E+00	9.2533E-05	3.0051E-04
2.9600E+00	9.2006E-05	2.9945E-04
2.9700E+00	9.1482E-05	2.9840E-04
2.9800E+00	9.0961E-05	2.9735E-04
2.9900E+00	9.0444E-05	2.9630E-04
3.0000E+00	8.9931E-05	2.9526E-04
3.0100E+00	8.9421E-05	2.9423E-04
3.0200E+00	8.8915E-05	2.9319E-04
3.0300E+00	8.8412E-05	2.9216E-04
3.0400E+00	8.7913E-05	2.9114E-04
3.0500E+00	8.7417E-05	2.9011E-04
3.0600E+00	8.6924E-05	2.8910E-04
3.0700E+00	8.6435E-05	2.8808E-04
3.0800E+00	8.5949E-05	2.8707E-04
3.0900E+00	8.5466E-05	2.8607E-04
3.1000E+00	8.4987E-05	2.8506E-04
3.1100E+00	8.4510E-05	2.8406E-04
3.1200E+00	8.4038E-05	2.8307E-04
3.1300E+00	8.3568E-05	2.8208E-04
3.1400E+00	8.3101E-05	2.8109E-04
3.1500E+00	8.2638E-05	2.8011E-04
3.1600E+00	8.2178E-05	2.7913E-04
3.1700E+00	8.1720E-05	2.7815E-04
3.1800E+00	8.1266E-05	2.7718E-04
3.1900E+00	8.0815E-05	2.7621E-04
3.2000E+00	8.0367E-05	2.7524E-04
3.2100E+00	7.9922E-05	2.7428E-04
3.2200E+00	7.9480E-05	2.7332E-04
3.2300E+00	7.9041E-05	2.7237E-04
3.2400E+00	7.8605E-05	2.7142E-04
3.2500E+00	7.8172E-05	2.7047E-04
3.2600E+00	7.7742E-05	2.6953E-04
3.2700E+00	7.7315E-05	2.6859E-04
3.2800E+00	7.6890E-05	2.6765E-04
3.2900E+00	7.6468E-05	2.6672E-04
3.3000E+00	7.6049E-05	2.6579E-04
3.3100E+00	7.5633E-05	2.6487E-04
3.3200E+00	7.5220E-05	2.6394E-04
3.3300E+00	7.4809E-05	2.6303E-04
3.3400E+00	7.4402E-05	2.6211E-04
3.3500E+00	7.3996E-05	2.6120E-04
3.3600E+00	7.3594E-05	2.6029E-04
3.3700E+00	7.3194E-05	2.5939E-04
3.3800E+00	7.2797E-05	2.5849E-04
3.3900E+00	7.2402E-05	2.5759E-04
3.4000E+00	7.2010E-05	2.5670E-04
3.4100E+00	7.1621E-05	2.5581E-04
3.4200E+00	7.1234E-05	2.5492E-04
3.4300E+00	7.0850E-05	2.5404E-04
3.4400E+00	7.0468E-05	2.5316E-04
3.4500E+00	7.0089E-05	2.5228E-04
3.4600E+00	6.9713E-05	2.5141E-04
3.4700E+00	6.9338E-05	2.5054E-04
3.4800E+00	6.8966E-05	2.4967E-04
3.4900E+00	6.8597E-05	2.4881E-04
3.5000E+00	6.8230E-05	2.4795E-04
3.5100E+00	6.7866E-05	2.4710E-04
3.5200E+00	6.7503E-05	2.4624E-04
3.5300E+00	6.7144E-05	2.4539E-04
3.5400E+00	6.6786E-05	2.4455E-04
3.5500E+00	6.6431E-05	2.4371E-04
3.5600E+00	6.6078E-05	2.4287E-04
3.5700E+00	6.5728E-05	2.4203E-04
3.5800E+00	6.5379E-05	2.4120E-04
3.5900E+00	6.5033E-05	2.4037E-04
3.6000E+00	6.4690E-05	2.3954E-04
3.6100E+00	6.4348E-05	2.3872E-04
3.6200E+00	6.4009E-05	2.3790E-04
3.6300E+00	6.3672E-05	2.3708E-04
3.6400E+00	6.3337E-05	2.3627E-04
3.6500E+00	6.3004E-05	2.3546E-04
3.6600E+00	6.2673E-05	2.3465E-04
3.6700E+00	6.2344E-05	2.3385E-04
3.6800E+00	6.2018E-05	2.3305E-04
3.6900E+00	6.1694E-05	2.3225E-04
3.7000E+00	6.1371E-05	2.3145E-04
3.7100E+00	6.1051E-05	2.3066E-04
3.7200E+00	6.0733E-05	2.2987E-04
3.7300E+00	6.0417E-05	2.2909E-04
3.7400E+00	6.0103E-05	2.2831E-04
3.7500E+00	5.9791E-05	2.2753E-04
3.7600E+00	5.9480E-05	2.2675E-04
3.7700E+00	5.9172E-05	2.2598E-04
3.7800E+00	5.8866E-05	2.2521E-04
3.7900E+00	5.8562E-05	2.2444E-04
3.8000E+00	5.8259E-05	2.2368E-04
3.8100E+00	5.7959E-05	2.2292E-04
3.8200E+00	5.7660E-05	2.2216E-04
3.8300E+00	5.7364E-05	2.2140E-04
3.8400E+00	5.7069E-05	2.2065E-04
3.8500E+00	5.6776E-05	2.1990E-04
3.8600E+00	5.6485E-05	2.1916E-04
3.8700E+00	5.6196E-05	2.1841E-04
3.8800E+00	5.5908E-05	2.1767E-04
3.8900E+00	5.5623E-05	2.1694E-04
3.9000E+00	5.5339E-05	2.1620E-04
3.9100E+00	5.5057E-05	2.1547E-04
3.9200E+00	5.4777E-05	2.1474E-04
3.9300E+00	5.4498E-05	2.1402E-04
3.9400E+00	5.4221E-05	2.1329E-04
3.9500E+00	5.3946E-05	2.1257E-04
3.9600E+00	5.3673E-05	2.1186E-04
3.9700E+00	5.3401E-05	2.1114E-04
3.9800E+00	5.3132E-05	2.1043E-04
3.9900E+00	5.2863E-05	2.0972E-04
4.0000E+00	5.2597E-05	2.0901E-04
4.0100E+00	5.2332E-05	2.0831E-04
4.0200E+00	5.2068E-05	2.0761E-04
4.0300E+00	5.1807E-05	2.0691E-04
4.0400E+00	5.1547E-05	2.0622E-04
4.0500E+00	5.1288E-05	2.0553E-04
4.0600E+00	5.1031E-05	2.0484E-04
4.0700E+00	5.0776E-05	2.0415E-04
4.0800E+00	5.0522E-05	2.0346E-04
4.0900E+00	5.0270E-05	2.0278E-04
4.1000E+00	5.0020E-05	2.0210E-04
4.1100E+00	4.9771E-05	2.0143E-04
4.1200E+00	4.9523E-05	2.0075E-04
4.1300E+00	4.9277E-05	2.0008E-04
4.1400E+00	4.9033E-05	1.9942E-04
4.1500E+00	4.8790E-05	1.9875E-04
4.1600E+00	4.8548E-05	1.9809E-04
4.1700E+00	4.8308E-05	1.9743E-04
4.1800E+00	4.8069E-05	1.9677E-04
4.1900E+00	4.7832E-05	1.9611E-04
4.2000E+00	4.7597E-05	1.9546E-04
4.2100E+00	4.7362E-05	1.9481E-04
4.2200E+00	4.7130E-05	1.9416E-04
4.2300E+00	4.6898E-05	1.9352E-04
4.2400E+00	4.6668E-05	1.9287E-04
4.2500E+00	4.6439E-05	1.9223E-04
4.2600E+00	4.6212E-05	1.9160E-04
4.2700E+00	4.5986E-05	1.9096E-04
4.2800E+00	4.5762E-05	1.9033E-04
4.2900E+00	4.5539E-05	1.8970E-04
4.3000E+00	4.5317E-05	1.8907E-04
4.3100E+00	4.5096E-05	1.8845E-04
4.3200E+00	4.4877E-05	1.8782E-04
4.3300E+00	4.4659E-05	1.8720E-04
4.3400E+00	4.4443E-05	1.8659E-04
4.3500E+00	4.4227E-05	1.8597E-04
4.3600E+00	4.4013E-05	1.8536E-04
4.3700E+00	4.3801E-05	1.8475E-04
4.3800E+00	4.3589E-05	1.8414E-04
4.3900E+00	4.3379E-05	1.8353E-04
4.4000E+00	4.3170E-05	1.8293E-04
4.4100E+00	4.2962E-05	1.8233E-04
4.4200E+00	4.2756E-05	1.8173E-04
4.4300E+00	4.2551E-05	1.8113E-04
4.4400E+00	4.2347E-05	1.8054E-04
4.4500E+00	4.2144E-05	1.7995E-04
4.4600E+00	4.1942E-05	1.7936E-04
4.4700E+00	4.1742E-05	1.7877E-04
4.4800E+00	4.1543E-05	1.7818E-04
4.4900E+00	4.1345E-05	1.7760E-04
4.5000E+00	4.1148E-05	1.7702E-04
4.5100E+00	4.0952E-05	1.7644E-04
4.5200E+00	4.0758E-05	1.7587E-04
4.5300E+00	4.0564E-05	1.7529E-04
4.5400E+00	4.0372E-05	1.7472E-04
4.5500E+00	4.0181E-05	1.7415E-04
4.5600E+00	3.9991E-05	1.7358E-04
4.5700E+00	3.9802E-05	1.7302E-04
4.5800E+00	3.9614E-05	1.7246E-04
4.5900E+00	3.9427E-05	1.7190E-04
4.6000E+00	3.9241E-05	1.7134E-04
4.6100E+00	3.9057E-05	1.7078E-04
4.6200E+00	3.8873E-05	1.7023E-04
4.6300E+00	3.8691E-05	1.6968E-04
4.6400E+00	3.8510E-05	1.6913E-04
4.6500E+00	3.8329E-05	1.6858E-04
4.6600E+00	3.8150E-05	1.6803E-04
4.6700E+00	3.7972E-05	1.6749E-04
4.6800E+00	3.7795E-05	1.6695E-04
4.6900E+00	3.7618E-05	1.6641E-04
4.7000E+00	3.7443E-05	1.6587E-04
4.7100E+00	3.7269E-05	1.6534E-04
4.7200E+00	3.7096E-05	1.6480E-04
4.7300E+00	3.6924E-05	1.6427E-04
4.7400E+00	3.6753E-05	1.6374E-04
4.7500E+00	3.6582E-05	1.6322E-04
4.7600E+00	3.6413E-05	1.6269E-04
4.7700E+00	3.6245E-05	1.6217E-04
4.7800E+00	3.6078E-05	1.6165E-04
4.7900E+00	3.5911E-05	1.6113E-04
4.8000E+00	3.5746E-05	1.6061E-04
4.8100E+00	3.5581E-05	1.6010E-04
4.8200E+00	3.5418E-05	1.5959E-04
4.8300E+00	3.5255E-05	1.5908E-04
4.8400E+00	3.5094E-05	1.5857E-04
4.8500E+00	3.4933E-05	1.5806E-04
4.8600E+00	3.4773E-05	1.5755E-04
4.8700E+00	3.4614E-05	1.5705E-04
4.8800E+00	3.4456E-05	1.5655E-04
4.8900E+00	3.4299E-05	1.5605E-04
4.9000E+00	3.4143E-05	1.5555E-04
4.9100E+00	3.3987E-05	1.5506E-04
4.9200E+00	3.3833E-05	1.5456E-04
4.9300E+00	3.3679E-05	1.5407E-04
4.9400E+00	3.3527E-05	1.5358E-04
4.9500E+00	3.3375E-05	1.5310E-04
4.9600E+00	3.3224E-05	1.5261E-04
4.9700E+00	3.3074E-05	1.5213E-04
4.9800E+00	3.2924E-05	1.5164E-04
4.9900E+00	3.2776E-05	1.5116E-04
5.0000E+00	3.2628E-05	1.5068E-04
5.0100E+00	3.2481E-05	1.5021E-04
5.0200E+00	3.2335E-05	1.4973E-04
5.0300E+00	3.2190E-05	1.4926E-04
5.0400E+00	3.2045E-05	1.4879E-04
5.0500E+00	3.1902E-05	1.4832E-04
5.0600E+00	3.1759E-05	1.4785E-04
5.0700E+00	3.1617E-05	1.4738E-04
5.0800E+00	3.1476E-05	1.4692E-04
5.0900E+00	3.1335E-05	1.4646E-04
5.1000E+00	3.1196E-05	1.4600E-04
5.1100E+00	3.1057E-05	1.4554E-04
5.1200E+00	3.0919E-05	1.4508E-04
5.1300E+00	3.0781E-05	1.4463E-04
5.1400E+00	3.0645E-05	1.4417E-04
5.1500E+00	3.0509E-05	1.4372E-04
5.1600E+00	3.0374E-05	1.4327E-04
5.1700E+00	3.0239E-05	1.4282E-04
5.1800E+00	3.0106E-05	1.4237E-04
5.1900E+00	2.9973E-05	1.4193E-04
5.2000E+00	2.9841E-05	1.4148E-04
5.2100E+00	2.9709E-05	1.4104E-04
5.2200E+00	2.9578E-05	1.4060E-04
5.2300E+00	2.9448E-05	1.4016E-04
5.2400E+00	2.9319E-05	1.3973E-04
5.2500E+00	2.9190E-05	1.3929E-04
5.2600E+00	2.9062E-05	1.3886E-04
5.2700E+00	2.8935E-05	1.3843E-04
5.2800E+00	2.8809E-05	1.3800E-04
5.2900E+00	2.8683E-05	1.3757E-04
5.3000E+00	2.8558E-05	1.3714E-04
5.3100E+00	2.8433E-05	1.3671E-04
5.3200E+00	2.8309E-05	1.3629E-04
5.3300E+00	2.8186E-05	1.3587E-04
5.3400E+00	2.8064E-05	1.3545E-04
5.3500E+00	2.7942E-05	1.3503E-04
5.3600E+00	2.7821E-05	1.3461E-04
5.3700E+00	2.7700E-05	1.3420E-04
5.3800E+00	2.7580E-05	1.3378E-04
5.3900E+00	2.7461E-05	1.3337E-04
5.4000E+00	2.7343E-05	1.3296E-04
5.4100E+00	2.7225E-05	1.3255E-04
5.4200E+00	2.7107E-05	1.3214E-04
5.4300E+00	2.6991E-05	1.3173E-04
5.4400E+00	2.6875E-05	1.3133E-04
5.4500E+00	2.6759E-05	1.3092E-04
5.4600E+00	2.6644E-05	1.3052E-04
5.4700E+00	2.6530E-05	1.3012E-04
5.4800E+00	2.6417E-05	1.2972E-04
5.4900E+00	2.6304E-05	1.2932E-04
5.5000E+00	2.6191E-05	1.2893E-04
5.5100E+00	2.6079E-05	1.2853E-04
5.5200E+00	2.5968E-05	1.2814E-04
5.5300E+00	2.5858E-05	1.2775E-04
5.5400E+00	2.5748E-05	1.2736E-04
5.5500E+00	2.5638E-05	1.2697E-04
5.5600E+00	2.5529E-05	1.2658E-04
5.5700E+00	2.5421E-05	1.2619E-04
5.5800E+00	2.5313E-05	1.2581E-04
5.5900E+00	2.5206E-05	1.2543E-04
5.6000E+00	2.5099E-05	1.2504E-04
5.6100E+00	2.4993E-05	1.2466E-04
5.6200E+00	2.4888E-05	1.2428E-04
5.6300E+00	2.4783E-05	1.2391E-04
5.6400E+00	2.4679E-05	1.2353E-04
5.6500E+00	2.4575E-05	1.2316E-04
5.6600E+00	2.4471E-05	1.2278E-04
5.6700E+00	2.4369E-05	1.2241E-04
5.6800E+00	2.4266E-05	1.2204E-04
5.6900E+00	2.4165E-05	1.2167E-04
5.7000E+00	2.4064E-05	1.2130E-04
5.7100E+00	2.3963E-05	1.2094E-04
5.7200E+00	2.3863E-05	1.2057E-04
5.7300E+00	2.3763E-05	1.2021E-04
5.7400E+00	2.3664E-05	1.1984E-04
5.7500E+00	2.3566E-05	1.1948E-04
5.7600E+00	2.3468E-05	1.1912E-04
5.7700E+00	2.3370E-05	1.1876E-04
5.7800E+00	2.3273E-05	1.1841E-04
5.7900E+00	2.3177E-05	1.1805E-04
5.8000E+00	2.3081E-05	1.1770E-04
5.8100E+00	2.2985E-05	1.1734E-04
5.8200E+00	2.2890E-05	1.1699E-04
5.8300E+00	2.2795E-05	1.1664E-04
5.8400E+00	2.2701E-05	1.1629E-04
5.8500E+00	2.2608E-05	1.1594E-04
5.8600E+00	2.2515E-05	1.1560E-04
5.8700E+00	2.2422E-05	1.1525E-04
5.8800E+00	2.2330E-05	1.1491E-04
5.8900E+00	2.2238E-05	1.1456E-04
5.9000E+00	2.2147E-05	1.1422E-04
5.9100E+00	2.2056E-05	1.1388E-04
5.9200E+00	2.1966E-05	1.1354E-04
5.9300E+00	2.1876E-05	1.1320E-04
5.9400E+00	2.1787E-05	1.1287E-04
5.9500E+00	2.1698E-05	1.1253E-04
5.9600E+00	2.1609E-05	1.1220E-04
5.9700E+00	2.1521E-05	1.1186E-04
5.9800E+00	2.1434E-05	1.1153E-04
5.9900E+00	2.1346E-05	1.1120E-04
6.0000E+00	2.1260E-05	1.1087E-04
6.0100E+00	2.1173E-05	1.1054E-04
6.0200E+00	2.1088E-05	1.1021E-04
6.0300E+00	2.1002E-05	1.0989E-04
6.0400E+00	2.0917E-05	1.0956E-04
6.0500E+00	2.0833E-05	1.0924E-04
6.0600E+00	2.0749E-05	1.0892E-04
6.0700E+00	2.0665E-05	1.0860E-04
6.0800E+00	2.0582E-05	1.0828E-04
6.0900E+00	2.0499E-05	1.0796E-04
6.1000E+00	2.0416E-05	1.0764E-04
6.1100E+00	2.0334E-05	1.0732E-04
6.1200E+00	2.0253E-05	1.0701E-04
6.1300E+00	2.0172E-05	1.0669E-04
6.1400E+00	2.0091E-05	1.0638E-04
6.1500E+00	2.0010E-05	1.0607E-04
6.1600E+00	1.9930E-05	1.0575E-04
6.1700E+00	1.9851E-05	1.0544E-04
6.1800E+00	1.9772E-05	1.0514E-04
6.1900E+00	1.9693E-05	1.0483E-04
6.2000E+00	1.9614E-05	1.0452E-04
6.2100E+00	1.9536E-05	1.0422E-04
6.2200E+00	1.9459E-05	1.0391E-04
6.2300E+00	1.9381E-05	1.0361E-04
6.2400E+00	1.9304E-05	1.0331E-04
6.2500E+00	1.9228E-05	1.0300E-04
6.2600E+00	1.9152E-05	1.0270E-04
6.2700E+00	1.9076E-05	1.0240E-04
6.2800E+00	1.9001E-05	1.0211E-04
6.2900E+00	1.8926E-05	1.0181E-04
6.3000E+00	1.8851E-05	1.0151E-04
6.3100E+00	1.8777E-05	1.0122E-04
6.3200E+00	1.8703E-05	1.0093E-04
6.3300E+00	1.8629E-05	1.0063E-04
6.3400E+00	1.8556E-05	1.0034E-04
6.3500E+00	1.8483E-05	1.0005E-04
6.3600E+00	1.8411E-05	9.9760E-05
6.3700E+00	1.8339E-05	9.9472E-05
6.3800E+00	1.8267E-05	9.9184E-05
6.3900E+00	1.8196E-05	9.8898E-05
6.4000E+00	1.8124E-05	9.8612E-05
6.4100E+00	1.8054E-05	9.8327E-05
6.4200E+00	1.7983E-05	9.8044E-05
6.4300E+00	1.7913E-05	9.7761E-05
6.4400E+00	1.7844E-05	9.7480E-05
6.4500E+00	1.7774E-05	9.7199E-05
6.4600E+00	1.7705E-05	9.6920E-05
6.4700E+00	1.7637E-05	9.6641E-05
6.4800E+00	1.7568E-05	9.6364E-05
6.4900E+00	1.7500E-05	9.6087E-05
6.5000E+00	1.7432E-05	9.5811E-05
6.5100E+00	1.7365E-05	9.5537E-05
6.5200E+00	1.7298E-05	9.5263E-05
6.5300E+00	1.7231E-05	9.4990E-05
6.5400E+00	1.7165E-05	9.4718E-05
6.5500E+00	1.7099E-05	9.4448E-05
6.5600E+00	1.7033E-05	9.4178E-05
6.5700E+00	1.6968E-05	9.3909E-05
6.5800E+00	1.6902E-05	9.3641E-05
6.5900E+00	1.6838E-05	9.3374E-05
6.6000E+00	1.6773E-05	9.3108E-05
6.6100E+00	1.6709E-05	9.2843E-05
6.6200E+00	1.6645E-05	9.2578E-05
6.6300E+00	1.6581E-05	9.2315E-05
6.6400E+00	1.6518E-05	9.2053E-05
6.6500E+00	1.6455E-05	9.1791E-05
6.6600E+00	1.6392E-05	9.1531E-05
6.6700E+00	1.6330E-05	9.1271E-05
6.6800E+00	1.6268E-05	9.1012E-05
6.6900E+00	1.6206E-05	9.0754E-05
6.7000E+00	1.6144E-05	9.0497E-05
6.7100E+00	1.6083E-05	9.0241E-05
6.7200E+00	1.6022E-05	8.9986E-05
6.7300E+00	1.5962E-05	8.9732E-05
6.7400E+00	1.5901E-05	8.9478E-05
6.7500E+00	1.5841E-05	8.9226E-05
6.7600E+00	1.5781E-05	8.8974E-05
6.7700E+00	1.5722E-05	8.8723E-05
6.7800E+00	1.5662E-05	8.8474E-05
6.7900E+00	1.5604E-05	8.8225E-05
6.8000E+00	1.5545E-05	8.7976E-05
6.8100E+00	1.5486E-05	8.7729E-05
6.8200E+00	1.5428E-05	8.7483E-05
6.8300E+00	1.5370E-05	8.7237E-05
6.8400E+00	1.5313E-05	8.6992E-05
6.8500E+00	1.5255E-05	8.6748E-05
6.8600E+00	1.5198E-05	8.6505E-05
6.8700E+00	1.5142E-05	8.6263E-05
6.8800E+00	1.5085E-05	8.6022E-05
6.8900E+00	1.5029E-05	8.5781E-05
6.9000E+00	1.4973E-05	8.5541E-05
6.9100E+00	1.4917E-05	8.5302E-05
6.9200E+00	1.4862E-05	8.5064E-05
6.9300E+00	1.4806E-05	8.4827E-05
6.9400E+00	1.4751E-05	8.4591E-05
6.9500E+00	1.4697E-05	8.4355E-05
6.9600E+00	1.4642E-05	8.4120E-05
6.9700E+00	1.4588E-05	8.3886E-05
6.9800E+00	1.4534E-05	8.3653E-05
6.9900E+00	1.4480E-05	8.3420E-05
7.0000E+00	1.4427E-05	8.3189E-05
7.0100E+00	1.4374E-05	8.2958E-05
7.0200E+00	1.4321E-05	8.2728E-05
7.0300E+00	1.4268E-05	8.2499E-05
7.0400E+00	1.4215E-05	8.2270E-05
7.0500E+00	1.4163E-05	8.2042E-05
7.0600E+00	1.4111E-05	8.1815E-05
7.0700E+00	1.4059E-05	8.1589E-05
7.0800E+00	1.4008E-05	8.1364E-05
7.0900E+00	1.3956E-05	8.1139E-05
7.1000E+00	1.3905E-05	8.0915E-05
7.1100E+00	1.3855E-05	8.0692E-05
7.1200E+00	1.3804E-05	8.0470E-05
7.1300E+00	1.3754E-05	8.0248E-05
7.1400E+00	1.3703E-05	8.0028E-05
7.1500E+00	1.3653E-05	7.9807E-05
7.1600E+00	1.3604E-05	7.9588E-05
7.1700E+00	1.3554E-05	7.9370E-05
7.1800E+00	1.3505E-05	7.9152E-05
7.1900E+00	1.3456E-05	7.8935E-05
7.2000E+00	1.3407E-05	7.8718E-05
7.2100E+00	1.3359E-05	7.8503E-05
7.2200E+00	1.3310E-05	7.8288E-05
7.2300E+00	1.3262E-05	7.8073E-05
7.2400E+00	1.3214E-05	7.7860E-05
7.2500E+00	1.3167E-05	7.7647E-05
7.2600E+00	1.3119E-05	7.7435E-05
7.2700E+00	1.3072E-05	7.7224E-05
7.2800E+00	1.3025E-05	7.7013E-05
7.2900E+00	1.2978E-05	7.6803E-05
7.3000E+00	1.2931E-05	7.6594E-05
7.3100E+00	1.2885E-05	7.6386E-05
7.3200E+00	1.2838E-05	7.6178E-05
7.3300E+00	1.2792E-05	7.5971E-05
7.3400E+00	1.2747E-05	7.5764E-05
7.3500E+00	1.2701E-05	7.5559E-05
7.3600E+00	1.2656E-05	7.5354E-05
7.3700E+00	1.2610E-05	7.5149E-05
7.3800E+00	1.2565E-05	7.4946E-05
7.3900E+00	1.2521E-05	7.4743E-05
7.4000E+00	1.2476E-05	7.4540E-05
7.4100E+00	1.2432E-05	7.4339E-05
7.4200E+00	1.2387E-05	7.4138E-05
7.4300E+00	1.2343E-05	7.3938E-05
7.4400E+00	1.2300E-05	7.3738E-05
7.4500E+00	1.2256E-05	7.3539E-05
7.4600E+00	1.2212E-05	7.3341E-05
7.4700E+00	1.2169E-05	7.3143E-05
7.4800E+00	1.2126E-05	7.2946E-05
7.4900E+00	1.2083E-05	7.2750E-05
7.5000E+00	1.2041E-05	7.2554E-05
7.5100E+00	1.1998E-05	7.2359E-05
7.5200E+00	1.1956E-05	7.2165E-05
7.5300E+00	1.1914E-05	7.1971E-05
7.5400E+00	1.1872E-05	7.1778E-05
7.5500E+00	1.1830E-05	7.1586E-05
7.5600E+00	1.1789E-05	7.1394E-05
7.5700E+00	1.1747E-05	7.1203E-05
7.5800E+00	1.1706E-05	7.1012E-05
7.5900E+00	1.1665E-05	7.0822E-05
7.6000E+00	1.1624E-05	7.0633E-05
7.6100E+00	1.1583E-05	7.0444E-05
7.6200E+00	1.1543E-05	7.0256E-05
7.6300E+00	1.1503E-05	7.0069E-05
7.6400E+00	1.1462E-05	6.9882E-05
7.6500E+00	1.1423E-05	6.9696E-05
7.6600E+00	1.1383E-05	6.9511E-05
7.6700E+00	1.1343E-05	6.9326E-05
7.6800E+00	1.1304E-05	6.9141E-05
7.6900E+00	1.1264E-05	6.8958E-05
7.7000E+00	1.1225E-05	6.8774E-05
7.7100E+00	1.1186E-05	6.8592E-05
7.7200E+00	1.1148E-05	6.8410E-05
7.7300E+00	1.1109E-05	6.8229E-05
7.7400E+00	1.1071E-05	6.8048E-05
7.7500E+00	1.1032E-05	6.7868E-05
7.7600E+00	1.0994E-05	6.7688E-05
7.7700E+00	1.0956E-05	6.7509E-05
7.7800E+00	1.0919E-05	6.7331E-05
7.7900E+00	1.0881E-05	6.7153E-05
7.8000E+00	1.0844E-05	6.6976E-05
7.8100E+00	1.0806E-05	6.6799E-05
7.8200E+00	1.0769E-05	6.6623E-05
7.8300E+00	1.0732E-05	6.6448E-05
7.8400E+00	1.0695E-05	6.6273E-05
7.8500E+00	1.0659E-05	6.6098E-05
7.8600E+00	1.0622E-05	6.5925E-05
7.8700E+00	1.0586E-05	6.5751E-05
7.8800E+00	1.0550E-05	6.5579E-05
7.8900E+00	1.0514E-05	6.5407E-05
7.9000E+00	1.0478E-05	6.5235E-05
7.9100E+00	1.0442E-05	6.5064E-05
7.9200E+00	1.0406E-05	6.4894E-05
7.9300E+00	1.0371E-05	6.4724E-05
7.9400E+00	1.0336E-05	6.4555E-05
7.9500E+00	1.0301E-05	6.4386E-05
7.9600E+00	1.0266E-05	6.4218E-05
7.9700E+00	1.0231E-05	6.4050E-05
7.9800E+00	1.0196E-05	6.3883E-05
7.9900E+00	1.0162E-05	6.3716E-05
8.0000E+00	1.0127E-05	6.3550E-05
8.0100E+00	1.0093E-05	6.3385E-05
8.0200E+00	1.0059E-05	6.3220E-05
8.0300E+00	1.0025E-05	6.3055E-05
8.0400E+00	9.9912E-06	6.2891E-05
8.0500E+00	9.9575E-06	6.2728E-05
8.0600E+00	9.9240E-06	6.2565E-05
8.0700E+00	9.8906E-06	6.2403E-05
8.0800E+00	9.8574E-06	6.2241E-05
8.0900E+00	9.8243E-06	6.2079E-05
8.1000E+00	9.7913E-06	6.1919E-05
8.1100E+00	9.7585E-06	6.1758E-05
8.1200E+00	9.7258E-06	6.1599E-05
8.1300E+00	9.6932E-06	6.1439E-05
8.1400E+00	9.6608E-06	6.1281E-05
8.1500E+00	9.6285E-06	6.1122E-05
8.1600E+00	9.5964E-06	6.0965E-05
8.1700E+00	9.5644E-06	6.0807E-05
8.1800E+00	9.5325E-06	6.0651E-05
8.1900E+00	9.5008E-06	6.0494E-05
8.2000E+00	9.4691E-06	6.0339E-05
8.2100E+00	9.4377E-06	6.0184E-05
8.2200E+00	9.4063E-06	6.0029E-05
8.2300E+00	9.3751E-06	5.9875E-05
8.2400E+00	9.3440E-06	5.9721E-05
8.2500E+00	9.3130E-06	5.9568E-05
8.2600E+00	9.2822E-06	5.9415E-05
8.2700E+00	9.2515E-06	5.9262E-05
8.2800E+00	9.2209E-06	5.9111E-05
8.2900E+00	9.1904E-06	5.8959E-05
8.3000E+00	9.1601E-06	5.8809E-05
8.3100E+00	9.1299E-06	5.8658E-05
8.3200E+00	9.0998E-06	5.8508E-05
8.3300E+00	9.0698E-06	5.8359E-05
8.3400E+00	9.0400E-06	5.8210E-05
8.3500E+00	9.0103E-06	5.8061E-05
8.3600E+00	8.9807E-06	5.7913E-05
8.3700E+00	8.9512E-06	5.7766E-05
8.3800E+00	8.9219E-06	5.7619E-05
8.3900E+00	8.8926E-06	5.7472E-05
8.4000E+00	8.8635E-06	5.7326E-05
8.4100E+00	8.8345E-06	5.7180E-05
8.4200E+00	8.8057E-06	5.7035E-05
8.4300E+00	8.7769E-06	5.6890E-05
8.4400E+00	8.7483E-06	5.6746E-05
8.4500E+00	8.7198E-06	5.6602E-05
8.4600E+00	8.6913E-06	5.6459E-05
8.4700E+00	8.6631E-06	5.6316E-05
8.4800E+00	8.6349E-06	5.6173E-05
8.4900E+00	8.6068E-06	5.6031E-05
8.5000E+00	8.5789E-06	5.5890E-05
8.5100E+00	8.5510E-06	5.5748E-05
8.5200E+00	8.5233E-06	5.5608E-05
8.5300E+00	8.4957E-06	5.5467E-05
8.5400E+00	8.4682E-06	5.5328E-05
8.5500E+00	8.4408E-06	5.5188E-05
8.5600E+00	8.4135E-06	5.5049E-05
8.5700E+00	8.3864E-06	5.4911E-05
8.5800E+00	8.3593E-06	5.4773E-05
8.5900E+00	8.3324E-06	5.4635E-05
8.6000E+00	8.3055E-06	5.4498E-05
8.6100E+00	8.2788E-06	5.4361E-05
8.6200E+00	8.2522E-06	5.4224E-05
8.6300E+00	8.2256E-06	5.4088E-05
8.6400E+00	8.1992E-06	5.3953E-05
8.6500E+00	8.1729E-06	5.3818E-05
8.6600E+00	8.1467E-06	5.3683E-05
8.6700E+00	8.1206E-06	5.3549E-05
8.6800E+00	8.0946E-06	5.3415E-05
8.6900E+00	8.0688E-06	5.3281E-05
8.7000E+00	8.0430E-06	5.3148E-05
8.7100E+00	8.0173E-06	5.3016E-05
8.7200E+00	7.9917E-06	5.2883E-05
8.7300E+00	7.9662E-06	5.2752E-05
8.7400E+00	7.9409E-06	5.2620E-05
8.7500E+00	7.9156E-06	5.2489E-05
8.7600E+00	7.8904E-06	5.2359E-05
8.7700E+00	7.8653E-06	5.2228E-05
8.7800E+00	7.8403E-06	5.2099E-05
8.7900E+00	7.8155E-06	5.1969E-05
8.8000E+00	7.7907E-06	5.1840E-05
8.8100E+00	7.7660E-06	5.1712E-05
8.8200E+00	7.7414E-06	5.1583E-05
8.8300E+00	7.7169E-06	5.1456E-05
8.8400E+00	7.6926E-06	5.1328E-05
8.8500E+00	7.6683E-06	5.1201E-05
8.8600E+00	7.6441E-06	5.1075E-05
8.8700E+00	7.6200E-06	5.0948E-05
8.8800E+00	7.5960E-06	5.0822E-05
8.8900E+00	7.5720E-06	5.0697E-05
8.9000E+00	7.5482E-06	5.0572E-05
8.9100E+00	7.5245E-06	5.0447E-05
8.9200E+00	7.5009E-06	5.0323E-05
8.9300E+00	7.4773E-06	5.0199E-05
8.9400E+00	7.4539E-06	5.0075E-05
8.9500E+00	7.4305E-06	4.9952E-05
8.9600E+00	7.4073E-06	4.9829E-05
8.9700E+00	7.3841E-06	4.9707E-05
8.9800E+00	7.3610E-06	4.9585E-05
8.9900E+00	7.3380E-06	4.9463E-05
9.0000E+00	7.3151E-06	4.9342E-05
9.0100E+00	7.2923E-06	4.9221E-05
9.0200E+00	7.2696E-06	4.9100E-05
9.0300E+00	7.2469E-06	4.8980E-05
9.0400E+00	7.2244E-06	4.8860E-05
9.0500E+00	7.2019E-06	4.8741E-05
9.0600E+00	7.1795E-06	4.8622E-05
9.0700E+00	7.1573E-06	4.8503E-05
9.0800E+00	7.1351E-06	4.8385E-05
9.0900E+00	7.1129E-06	4.8266E-05
9.1000E+00	7.0909E-06	4.8149E-05
9.1100E+00	7.0690E-06	4.8031E-05
9.1200E+00	7.0471E-06	4.7914E-05
9.1300E+00	7.0253E-06	4.7798E-05
9.1400E+00	7.0036E-06	4.7682E-05
9.1500E+00	6.9820E-06	4.7566E-05
9.1600E+00	6.9605E-06	4.7450E-05
9.1700E+00	6.9391E-06	4.7335E-05
9.1800E+00	6.9177E-06	4.7220E-05
9.1900E+00	6.8964E-06	4.7105E-05
9.2000E+00	6.8752E-06	4.6991E-05
9.2100E+00	6.8541E-06	4.6877E-05
9.2200E+00	6.8331E-06	4.6764E-05
9.2300E+00	6.8121E-06	4.6651E-05
9.2400E+00	6.7912E-06	4.6538E-05
9.2500E+00	6.7705E-06	4.6426E-05
9.2600E+00	6.7497E-06	4.6313E-05
9.2700E+00	6.7291E-06	4.6202E-05
9.2800E+00	6.7086E-06	4.6090E-05
9.2900E+00	6.6881E-06	4.5979E-05
9.3000E+00	6.6677E-06	4.5868E-05
9.3100E+00	6.6474E-06	4.5758E-05
9.3200E+00	6.6271E-06	4.5648E-05
9.3300E+00	6.6069E-06	4.5538E-05
9.3400E+00	6.5868E-06	4.5428E-05
9.3500E+00	6.5668E-06	4.5319E-05
9.3600E+00	6.5469E-06	4.5210E-05
9.3700E+00	6.5270E-06	4.5102E-05
9.3800E+00	6.5072E-06	4.4994E-05
9.3900E+00	6.4875E-06	4.4886E-05
9.4000E+00	6.4679E-06	4.4778E-05
9.4100E+00	6.4483E-06	4.4671E-05
9.4200E+00	6.4288E-06	4.4564E-05
9.4300E+00	6.4094E-06	4.4458E-05
9.4400E+00	6.3901E-06	4.4351E-05
9.4500E+00	6.3708E-06	4.4245E-05
9.4600E+00	6.3516E-06	4.4140E-05
9.4700E+00	6.3325E-06	4.4034E-05
9.4800E+00	6.3134E-06	4.3929E-05
9.4900E+00	6.2944E-06	4.3825E-05
9.5000E+00	6.2755E-06	4.3720E-05
9.5100E+00	6.2567E-06	4.3616E-05
9.5200E+00	6.2379E-06	4.3512E-05
9.5300E+00	6.2192E-06	4.3409E-05
9.5400E+00	6.2006E-06	4.3306E-05
9.5500E+00	6.1820E-06	4.3203E-05
9.5600E+00	6.1635E-06	4.3100E-05
9.5700E+00	6.1451E-06	4.2998E-05
9.5800E+00	6.1268E-06	4.2896E-05
9.5900E+00	6.1085E-06	4.2795E-05
9.6000E+00	6.0903E-06	4.2693E-05
9.6100E+00	6.0721E-06	4.2592E-05
9.6200E+00	6.0540E-06	4.2491E-05
9.6300E+00	6.0360E-06	4.2391E-05
9.6400E+00	6.0181E-06	4.2291E-05
9.6500E+00	6.0002E-06	4.2191E-05
9.6600E+00	5.9824E-06	4.2091E-05
9.6700E+00	5.9646E-06	4.1992E-05
9.6800E+00	5.9469E-06	4.1893E-05
9.6900E+00	5.9293E-06	4.1794E-05
9.7000E+00	5.9118E-06	4.1696E-05
9.7100E+00	5.8943E-06	4.1598E-05
9.7200E+00	5.8769E-06	4.1500E-05
9.7300E+00	5.8595E-06	4.1402E-05
9.7400E+00	5.8422E-06	4.1305E-05
9.7500E+00	5.8250E-06	4.1208E-05
9.7600E+00	5.8078E-06	4.1112E-05
9.7700E+00	5.7907E-06	4.1015E-05
9.7800E+00	5.7737E-06	4.0919E-05
9.7900E+00	5.7567E-06	4.0823E-05
9.8000E+00	5.7398E-06	4.0728E-05
9.8100E+00	5.7229E-06	4.0632E-05
9.8200E+00	5.7061E-06	4.0537E-05
9.8300E+00	5.6894E-06	4.0442E-05
9.8400E+00	5.6727E-06	4.0348E-05
9.8500E+00	5.6561E-06	4.0254E-05
9.8600E+00	5.6396E-06	4.0160E-05
9.8700E+00	5.6231E-06	4.0066E-05
9.8800E+00	5.6067E-06	3.9973E-05
9.8900E+00	5.5903E-06	3.9880E-05
9.9000E+00	5.5740E-06	3.9787E-05
9.9100E+00	5.5577E-06	3.9694E-05
9.9200E+00	5.5415E-06	3.9602E-05
9.9300E+00	5.5254E-06	3.9510E-05
9.9400E+00	5.5093E-06	3.9418E-05
9.9500E+00	5.4933E-06	3.9327E-05
9.9600E+00	5.4774E-06	3.9236E-05
9.9700E+00	5.4615E-06	3.9145E-05
9.9800E+00	5.4456E-06	3.9054E-05
9.9900E+00	5.4298E-06	3.8963E-05
