Q2	Fs
0.0000E+00	-1.4100E-18
1.0000E-02	2.2793E-05
2.0000E-02	4.4272E-05
3.0000E-02	6.4514E-05
4.0000E-02	8.3589E-05
5.0000E-02	1.0157E-04
6.0000E-02	1.1851E-04
7.0000E-02	1.3447E-04
8.0000E-02	1.4950E-04
9.0000E-02	1.6367E-04
1.0000E-01	1.7701E-04
1.1000E-01	1.8957E-04
1.2000E-01	2.0140E-04
1.3000E-01	2.1252E-04
1.4000E-01	2.2299E-04
1.5000E-01	2.3283E-04
1.6000E-01	2.4208E-04
1.7000E-01	2.5076E-04
1.8000E-01	2.5892E-04
1.9000E-01	2.6657E-04
2.0000E-01	2.7374E-04
2.1000E-01	2.8045E-04
2.2000E-01	2.8674E-04
2.3000E-01	2.9262E-04
2.4000E-01	2.9811E-04
2.5000E-01	3.0323E-04
2.6000E-01	3.0799E-04
2.7000E-01	3.1243E-04
2.8000E-01	3.1655E-04
2.9000E-01	3.2037E-04
3.0000E-01	3.2391E-04
3.1000E-01	3.2717E-04
3.2000E-01	3.3017E-04
3.3000E-01	3.3293E-04
3.4000E-01	3.3546E-04
3.5000E-01	3.3776E-04
3.6000E-01	3.3985E-04
3.7000E-01	3.4174E-04
3.8000E-01	3.4344E-04
3.9000E-01	3.4496E-04
4.0000E-01	3.4631E-04
4.1000E-01	3.4749E-04
4.2000E-01	3.4851E-04
4.3000E-01	3.4939E-04
4.4000E-01	3.5012E-04
4.5000E-01	3.5072E-04
4.6000E-01	3.5119E-04
4.7000E-01	3.5154E-04
4.8000E-01	3.5177E-04
4.9000E-01	3.5189E-04
5.0000E-01	3.5191E-04
5.1000E-01	3.5183E-04
5.2000E-01	3.5165E-04
5.3000E-01	3.5139E-04
5.4000E-01	3.5103E-04
5.5000E-01	3.5060E-04
5.6000E-01	3.5009E-04
5.7000E-01	3.4951E-04
5.8000E-01	3.4885E-04
5.9000E-01	3.4813E-04
6.0000E-01	3.4735E-04
6.1000E-01	3.4651E-04
6.2000E-01	3.4561E-04
6.3000E-01	3.4466E-04
6.4000E-01	3.4366E-04
6.5000E-01	3.4261E-04
6.6000E-01	3.4152E-04
6.7000E-01	3.4038E-04
6.8000E-01	3.3920E-04
6.9000E-01	3.3798E-04
7.0000E-01	3.3673E-04
7.1000E-01	3.3545E-04
7.2000E-01	3.3413E-04
7.3000E-01	3.3278E-04
7.4000E-01	3.3141E-04
7.5000E-01	3.3000E-04
7.6000E-01	3.2858E-04
7.7000E-01	3.2712E-04
7.8000E-01	3.2565E-04
7.9000E-01	3.2416E-04
8.0000E-01	3.2265E-04
8.1000E-01	3.2112E-04
8.2000E-01	3.1957E-04
8.3000E-01	3.1801E-04
8.4000E-01	3.1643E-04
8.5000E-01	3.1485E-04
8.6000E-01	3.1324E-04
8.7000E-01	3.1163E-04
8.8000E-01	3.1001E-04
8.9000E-01	3.0838E-04
9.0000E-01	3.0674E-04
9.1000E-01	3.0510E-04
9.2000E-01	3.0345E-04
9.3000E-01	3.0179E-04
9.4000E-01	3.0012E-04
9.5000E-01	2.9846E-04
9.6000E-01	2.9679E-04
9.7000E-01	2.9511E-04
9.8000E-01	2.9344E-04
9.9000E-01	2.9176E-04
1.0000E+00	2.9008E-04
1.0100E+00	2.8840E-04
1.0200E+00	2.8672E-04
1.0300E+00	2.8504E-04
1.0400E+00	2.8336E-04
1.0500E+00	2.8168E-04
1.0600E+00	2.8001E-04
1.0700E+00	2.7833E-04
1.0800E+00	2.7666E-04
1.0900E+00	2.7499E-04
1.1000E+00	2.7332E-04
1.1100E+00	2.7166E-04
1.1200E+00	2.7000E-04
1.1300E+00	2.6835E-04
1.1400E+00	2.6670E-04
1.1500E+00	2.6505E-04
1.1600E+00	2.6341E-04
1.1700E+00	2.6178E-04
1.1800E+00	2.6015E-04
1.1900E+00	2.5852E-04
1.2000E+00	2.5690E-04
1.2100E+00	2.5529E-04
1.2200E+00	2.5368E-04
1.2300E+00	2.5208E-04
1.2400E+00	2.5049E-04
1.2500E+00	2.4890E-04
1.2600E+00	2.4732E-04
1.2700E+00	2.4575E-04
1.2800E+00	2.4419E-04
1.2900E+00	2.4263E-04
1.3000E+00	2.4108E-04
1.3100E+00	2.3953E-04
1.3200E+00	2.3800E-04
1.3300E+00	2.3647E-04
1.3400E+00	2.3495E-04
1.3500E+00	2.3343E-04
1.3600E+00	2.3193E-04
1.3700E+00	2.3043E-04
1.3800E+00	2.2894E-04
1.3900E+00	2.2746E-04
1.4000E+00	2.2599E-04
1.4100E+00	2.2452E-04
1.4200E+00	2.2307E-04
1.4300E+00	2.2162E-04
1.4400E+00	2.2018E-04
1.4500E+00	2.1875E-04
1.4600E+00	2.1733E-04
1.4700E+00	2.1591E-04
1.4800E+00	2.1451E-04
1.4900E+00	2.1311E-04
1.5000E+00	2.1172E-04
1.5100E+00	2.1034E-04
1.5200E+00	2.0897E-04
1.5300E+00	2.0761E-04
1.5400E+00	2.0625E-04
1.5500E+00	2.0490E-04
1.5600E+00	2.0357E-04
1.5700E+00	2.0224E-04
1.5800E+00	2.0092E-04
1.5900E+00	1.9961E-04
1.6000E+00	1.9830E-04
1.6100E+00	1.9701E-04
1.6200E+00	1.9572E-04
1.6300E+00	1.9444E-04
1.6400E+00	1.9317E-04
1.6500E+00	1.9191E-04
1.6600E+00	1.9066E-04
1.6700E+00	1.8941E-04
1.6800E+00	1.8818E-04
1.6900E+00	1.8695E-04
1.7000E+00	1.8573E-04
1.7100E+00	1.8452E-04
1.7200E+00	1.8332E-04
1.7300E+00	1.8212E-04
1.7400E+00	1.8094E-04
1.7500E+00	1.7976E-04
1.7600E+00	1.7859E-04
1.7700E+00	1.7743E-04
1.7800E+00	1.7627E-04
1.7900E+00	1.7513E-04
1.8000E+00	1.7399E-04
1.8100E+00	1.7286E-04
1.8200E+00	1.7174E-04
1.8300E+00	1.7062E-04
1.8400E+00	1.6952E-04
1.8500E+00	1.6842E-04
1.8600E+00	1.6733E-04
1.8700E+00	1.6624E-04
1.8800E+00	1.6517E-04
1.8900E+00	1.6410E-04
1.9000E+00	1.6304E-04
1.9100E+00	1.6199E-04
1.9200E+00	1.6094E-04
1.9300E+00	1.5990E-04
1.9400E+00	1.5887E-04
1.9500E+00	1.5785E-04
1.9600E+00	1.5684E-04
1.9700E+00	1.5583E-04
1.9800E+00	1.5483E-04
1.9900E+00	1.5383E-04
2.0000E+00	1.5285E-04
2.0100E+00	1.5187E-04
2.0200E+00	1.5089E-04
2.0300E+00	1.4993E-04
2.0400E+00	1.4897E-04
2.0500E+00	1.4802E-04
2.0600E+00	1.4707E-04
2.0700E+00	1.4613E-04
2.0800E+00	1.4520E-04
2.0900E+00	1.4428E-04
2.1000E+00	1.4336E-04
2.1100E+00	1.4245E-04
2.1200E+00	1.4155E-04
2.1300E+00	1.4065E-04
2.1400E+00	1.3976E-04
2.1500E+00	1.3887E-04
2.1600E+00	1.3799E-04
2.1700E+00	1.3712E-04
2.1800E+00	1.3625E-04
2.1900E+00	1.3540E-04
2.2000E+00	1.3454E-04
2.2100E+00	1.3370E-04
2.2200E+00	1.3285E-04
2.2300E+00	1.3202E-04
2.2400E+00	1.3119E-04
2.2500E+00	1.3037E-04
2.2600E+00	1.2955E-04
2.2700E+00	1.2874E-04
2.2800E+00	1.2794E-04
2.2900E+00	1.2714E-04
2.3000E+00	1.2634E-04
2.3100E+00	1.2556E-04
2.3200E+00	1.2477E-04
2.3300E+00	1.2400E-04
2.3400E+00	1.2323E-04
2.3500E+00	1.2246E-04
2.3600E+00	1.2170E-04
2.3700E+00	1.2095E-04
2.3800E+00	1.2020E-04
2.3900E+00	1.1946E-04
2.4000E+00	1.1872E-04
2.4100E+00	1.1799E-04
2.4200E+00	1.1726E-04
2.4300E+00	1.1654E-04
2.4400E+00	1.1583E-04
2.4500E+00	1.1511E-04
2.4600E+00	1.1441E-04
2.4700E+00	1.1371E-04
2.4800E+00	1.1301E-04
2.4900E+00	1.1232E-04
2.5000E+00	1.1164E-04
2.5100E+00	1.1095E-04
2.5200E+00	1.1028E-04
2.5300E+00	1.0961E-04
2.5400E+00	1.0894E-04
2.5500E+00	1.0828E-04
2.5600E+00	1.0762E-04
2.5700E+00	1.0697E-04
2.5800E+00	1.0632E-04
2.5900E+00	1.0568E-04
2.6000E+00	1.0504E-04
2.6100E+00	1.0441E-04
2.6200E+00	1.0378E-04
2.6300E+00	1.0316E-04
2.6400E+00	1.0254E-04
2.6500E+00	1.0192E-04
2.6600E+00	1.0131E-04
2.6700E+00	1.0071E-04
2.6800E+00	1.0010E-04
2.6900E+00	9.9506E-05
2.7000E+00	9.8912E-05
2.7100E+00	9.8323E-05
2.7200E+00	9.7737E-05
2.7300E+00	9.7156E-05
2.7400E+00	9.6580E-05
2.7500E+00	9.6007E-05
2.7600E+00	9.5438E-05
2.7700E+00	9.4874E-05
2.7800E+00	9.4313E-05
2.7900E+00	9.3756E-05
2.8000E+00	9.3204E-05
2.8100E+00	9.2655E-05
2.8200E+00	9.2110E-05
2.8300E+00	9.1569E-05
2.8400E+00	9.1032E-05
2.8500E+00	9.0498E-05
2.8600E+00	8.9968E-05
2.8700E+00	8.9443E-05
2.8800E+00	8.8920E-05
2.8900E+00	8.8402E-05
2.9000E+00	8.7887E-05
2.9100E+00	8.7376E-05
2.9200E+00	8.6868E-05
2.9300E+00	8.6364E-05
2.9400E+00	8.5863E-05
2.9500E+00	8.5366E-05
2.9600E+00	8.4872E-05
2.9700E+00	8.4382E-05
2.9800E+00	8.3895E-05
2.9900E+00	8.3412E-05
3.0000E+00	8.2932E-05
3.0100E+00	8.2455E-05
3.0200E+00	8.1982E-05
3.0300E+00	8.1512E-05
3.0400E+00	8.1045E-05
3.0500E+00	8.0582E-05
3.0600E+00	8.0122E-05
3.0700E+00	7.9664E-05
3.0800E+00	7.9210E-05
3.0900E+00	7.8760E-05
3.1000E+00	7.8312E-05
3.1100E+00	7.7867E-05
3.1200E+00	7.7426E-05
3.1300E+00	7.6987E-05
3.1400E+00	7.6552E-05
3.1500E+00	7.6119E-05
3.1600E+00	7.5690E-05
3.1700E+00	7.5263E-05
3.1800E+00	7.4839E-05
3.1900E+00	7.4419E-05
3.2000E+00	7.4001E-05
3.2100E+00	7.3586E-05
3.2200E+00	7.3174E-05
3.2300E+00	7.2764E-05
3.2400E+00	7.2358E-05
3.2500E+00	7.1954E-05
3.2600E+00	7.1553E-05
3.2700E+00	7.1154E-05
3.2800E+00	7.0759E-05
3.2900E+00	7.0366E-05
3.3000E+00	6.9975E-05
3.3100E+00	6.9588E-05
3.3200E+00	6.9203E-05
3.3300E+00	6.8820E-05
3.3400E+00	6.8440E-05
3.3500E+00	6.8063E-05
3.3600E+00	6.7688E-05
3.3700E+00	6.7316E-05
3.3800E+00	6.6946E-05
3.3900E+00	6.6579E-05
3.4000E+00	6.6214E-05
3.4100E+00	6.5852E-05
3.4200E+00	6.5492E-05
3.4300E+00	6.5134E-05
3.4400E+00	6.4779E-05
3.4500E+00	6.4426E-05
3.4600E+00	6.4076E-05
3.4700E+00	6.3728E-05
3.4800E+00	6.3382E-05
3.4900E+00	6.3039E-05
3.5000E+00	6.2697E-05
3.5100E+00	6.2358E-05
3.5200E+00	6.2022E-05
3.5300E+00	6.1687E-05
3.5400E+00	6.1355E-05
3.5500E+00	6.1025E-05
3.5600E+00	6.0697E-05
3.5700E+00	6.0371E-05
3.5800E+00	6.0048E-05
3.5900E+00	5.9726E-05
3.6000E+00	5.9407E-05
3.6100E+00	5.9090E-05
3.6200E+00	5.8774E-05
3.6300E+00	5.8461E-05
3.6400E+00	5.8150E-05
3.6500E+00	5.7841E-05
3.6600E+00	5.7534E-05
3.6700E+00	5.7229E-05
3.6800E+00	5.6926E-05
3.6900E+00	5.6625E-05
3.7000E+00	5.6326E-05
3.7100E+00	5.6029E-05
3.7200E+00	5.5733E-05
3.7300E+00	5.5440E-05
3.7400E+00	5.5149E-05
3.7500E+00	5.4859E-05
3.7600E+00	5.4571E-05
3.7700E+00	5.4286E-05
3.7800E+00	5.4002E-05
3.7900E+00	5.3719E-05
3.8000E+00	5.3439E-05
3.8100E+00	5.3161E-05
3.8200E+00	5.2884E-05
3.8300E+00	5.2609E-05
3.8400E+00	5.2335E-05
3.8500E+00	5.2064E-05
3.8600E+00	5.1794E-05
3.8700E+00	5.1526E-05
3.8800E+00	5.1260E-05
3.8900E+00	5.0995E-05
3.9000E+00	5.0732E-05
3.9100E+00	5.0471E-05
3.9200E+00	5.0211E-05
3.9300E+00	4.9953E-05
3.9400E+00	4.9697E-05
3.9500E+00	4.9442E-05
3.9600E+00	4.9189E-05
3.9700E+00	4.8938E-05
3.9800E+00	4.8688E-05
3.9900E+00	4.8439E-05
4.0000E+00	4.8192E-05
4.0100E+00	4.7947E-05
4.0200E+00	4.7703E-05
4.0300E+00	4.7461E-05
4.0400E+00	4.7221E-05
4.0500E+00	4.6981E-05
4.0600E+00	4.6744E-05
4.0700E+00	4.6507E-05
4.0800E+00	4.6273E-05
4.0900E+00	4.6039E-05
4.1000E+00	4.5808E-05
4.1100E+00	4.5577E-05
4.1200E+00	4.5348E-05
4.1300E+00	4.5121E-05
4.1400E+00	4.4895E-05
4.1500E+00	4.4670E-05
4.1600E+00	4.4447E-05
4.1700E+00	4.4225E-05
4.1800E+00	4.4004E-05
4.1900E+00	4.3785E-05
4.2000E+00	4.3567E-05
4.2100E+00	4.3350E-05
4.2200E+00	4.3135E-05
4.2300E+00	4.2921E-05
4.2400E+00	4.2709E-05
4.2500E+00	4.2497E-05
4.2600E+00	4.2287E-05
4.2700E+00	4.2079E-05
4.2800E+00	4.1871E-05
4.2900E+00	4.1665E-05
4.3000E+00	4.1460E-05
4.3100E+00	4.1257E-05
4.3200E+00	4.1054E-05
4.3300E+00	4.0853E-05
4.3400E+00	4.0653E-05
4.3500E+00	4.0454E-05
4.3600E+00	4.0257E-05
4.3700E+00	4.0060E-05
4.3800E+00	3.9865E-05
4.3900E+00	3.9671E-05
4.4000E+00	3.9478E-05
4.4100E+00	3.9286E-05
4.4200E+00	3.9096E-05
4.4300E+00	3.8906E-05
4.4400E+00	3.8718E-05
4.4500E+00	3.8531E-05
4.4600E+00	3.8345E-05
4.4700E+00	3.8160E-05
4.4800E+00	3.7976E-05
4.4900E+00	3.7793E-05
4.5000E+00	3.7612E-05
4.5100E+00	3.7431E-05
4.5200E+00	3.7252E-05
4.5300E+00	3.7073E-05
4.5400E+00	3.6896E-05
4.5500E+00	3.6720E-05
4.5600E+00	3.6544E-05
4.5700E+00	3.6370E-05
4.5800E+00	3.6197E-05
4.5900E+00	3.6025E-05
4.6000E+00	3.5854E-05
4.6100E+00	3.5684E-05
4.6200E+00	3.5514E-05
4.6300E+00	3.5346E-05
4.6400E+00	3.5179E-05
4.6500E+00	3.5013E-05
4.6600E+00	3.4848E-05
4.6700E+00	3.4683E-05
4.6800E+00	3.4520E-05
4.6900E+00	3.4358E-05
4.7000E+00	3.4196E-05
4.7100E+00	3.4036E-05
4.7200E+00	3.3876E-05
4.7300E+00	3.3718E-05
4.7400E+00	3.3560E-05
4.7500E+00	3.3403E-05
4.7600E+00	3.3247E-05
4.7700E+00	3.3092E-05
4.7800E+00	3.2938E-05
4.7900E+00	3.2785E-05
4.8000E+00	3.2633E-05
4.8100E+00	3.2481E-05
4.8200E+00	3.2331E-05
4.8300E+00	3.2181E-05
4.8400E+00	3.2032E-05
4.8500E+00	3.1884E-05
4.8600E+00	3.1737E-05
4.8700E+00	3.1591E-05
4.8800E+00	3.1446E-05
4.8900E+00	3.1301E-05
4.9000E+00	3.1157E-05
4.9100E+00	3.1014E-05
4.9200E+00	3.0872E-05
4.9300E+00	3.0731E-05
4.9400E+00	3.0590E-05
4.9500E+00	3.0450E-05
4.9600E+00	3.0311E-05
4.9700E+00	3.0173E-05
4.9800E+00	3.0036E-05
4.9900E+00	2.9899E-05
5.0000E+00	2.9763E-05
5.0100E+00	2.9628E-05
5.0200E+00	2.9494E-05
5.0300E+00	2.9360E-05
5.0400E+00	2.9228E-05
5.0500E+00	2.9096E-05
5.0600E+00	2.8964E-05
5.0700E+00	2.8834E-05
5.0800E+00	2.8704E-05
5.0900E+00	2.8575E-05
5.1000E+00	2.8446E-05
5.1100E+00	2.8319E-05
5.1200E+00	2.8192E-05
5.1300E+00	2.8065E-05
5.1400E+00	2.7940E-05
5.1500E+00	2.7815E-05
5.1600E+00	2.7691E-05
5.1700E+00	2.7567E-05
5.1800E+00	2.7444E-05
5.1900E+00	2.7322E-05
5.2000E+00	2.7201E-05
5.2100E+00	2.7080E-05
5.2200E+00	2.6960E-05
5.2300E+00	2.6840E-05
5.2400E+00	2.6722E-05
5.2500E+00	2.6603E-05
5.2600E+00	2.6486E-05
5.2700E+00	2.6369E-05
5.2800E+00	2.6253E-05
5.2900E+00	2.6137E-05
5.3000E+00	2.6022E-05
5.3100E+00	2.5908E-05
5.3200E+00	2.5794E-05
5.3300E+00	2.5681E-05
5.3400E+00	2.5569E-05
5.3500E+00	2.5457E-05
5.3600E+00	2.5346E-05
5.3700E+00	2.5235E-05
5.3800E+00	2.5125E-05
5.3900E+00	2.5016E-05
5.4000E+00	2.4907E-05
5.4100E+00	2.4798E-05
5.4200E+00	2.4691E-05
5.4300E+00	2.4584E-05
5.4400E+00	2.4477E-05
5.4500E+00	2.4371E-05
5.4600E+00	2.4266E-05
5.4700E+00	2.4161E-05
5.4800E+00	2.4057E-05
5.4900E+00	2.3953E-05
5.5000E+00	2.3850E-05
5.5100E+00	2.3747E-05
5.5200E+00	2.3645E-05
5.5300E+00	2.3544E-05
5.5400E+00	2.3443E-05
5.5500E+00	2.3342E-05
5.5600E+00	2.3243E-05
5.5700E+00	2.3143E-05
5.5800E+00	2.3044E-05
5.5900E+00	2.2946E-05
5.6000E+00	2.2848E-05
5.6100E+00	2.2751E-05
5.6200E+00	2.2654E-05
5.6300E+00	2.2558E-05
5.6400E+00	2.2462E-05
5.6500E+00	2.2367E-05
5.6600E+00	2.2272E-05
5.6700E+00	2.2178E-05
5.6800E+00	2.2085E-05
5.6900E+00	2.1991E-05
5.7000E+00	2.1899E-05
5.7100E+00	2.1806E-05
5.7200E+00	2.1715E-05
5.7300E+00	2.1623E-05
5.7400E+00	2.1532E-05
5.7500E+00	2.1442E-05
5.7600E+00	2.1352E-05
5.7700E+00	2.1263E-05
5.7800E+00	2.1174E-05
5.7900E+00	2.1085E-05
5.8000E+00	2.0997E-05
5.8100E+00	2.0910E-05
5.8200E+00	2.0823E-05
5.8300E+00	2.0736E-05
5.8400E+00	2.0650E-05
5.8500E+00	2.0564E-05
5.8600E+00	2.0479E-05
5.8700E+00	2.0394E-05
5.8800E+00	2.0310E-05
5.8900E+00	2.0226E-05
5.9000E+00	2.0142E-05
5.9100E+00	2.0059E-05
5.9200E+00	1.9976E-05
5.9300E+00	1.9894E-05
5.9400E+00	1.9812E-05
5.9500E+00	1.9731E-05
5.9600E+00	1.9650E-05
5.9700E+00	1.9569E-05
5.9800E+00	1.9489E-05
5.9900E+00	1.9409E-05
6.0000E+00	1.9330E-05
6.0100E+00	1.9251E-05
6.0200E+00	1.9172E-05
6.0300E+00	1.9094E-05
6.0400E+00	1.9016E-05
6.0500E+00	1.8939E-05
6.0600E+00	1.8862E-05
6.0700E+00	1.8785E-05
6.0800E+00	1.8709E-05
6.0900E+00	1.8633E-05
6.1000E+00	1.8558E-05
6.1100E+00	1.8483E-05
6.1200E+00	1.8408E-05
6.1300E+00	1.8334E-05
6.1400E+00	1.8260E-05
6.1500E+00	1.8186E-05
6.1600E+00	1.8113E-05
6.1700E+00	1.8040E-05
6.1800E+00	1.7968E-05
6.1900E+00	1.7895E-05
6.2000E+00	1.7824E-05
6.2100E+00	1.7752E-05
6.2200E+00	1.7681E-05
6.2300E+00	1.7611E-05
6.2400E+00	1.7540E-05
6.2500E+00	1.7470E-05
6.2600E+00	1.7401E-05
6.2700E+00	1.7331E-05
6.2800E+00	1.7262E-05
6.2900E+00	1.7194E-05
6.3000E+00	1.7125E-05
6.3100E+00	1.7058E-05
6.3200E+00	1.6990E-05
6.3300E+00	1.6923E-05
6.3400E+00	1.6856E-05
6.3500E+00	1.6789E-05
6.3600E+00	1.6723E-05
6.3700E+00	1.6657E-05
6.3800E+00	1.6591E-05
6.3900E+00	1.6526E-05
6.4000E+00	1.6461E-05
6.4100E+00	1.6396E-05
6.4200E+00	1.6332E-05
6.4300E+00	1.6268E-05
6.4400E+00	1.6204E-05
6.4500E+00	1.6141E-05
6.4600E+00	1.6078E-05
6.4700E+00	1.6015E-05
6.4800E+00	1.5953E-05
6.4900E+00	1.5890E-05
6.5000E+00	1.5828E-05
6.5100E+00	1.5767E-05
6.5200E+00	1.5706E-05
6.5300E+00	1.5645E-05
6.5400E+00	1.5584E-05
6.5500E+00	1.5524E-05
6.5600E+00	1.5463E-05
6.5700E+00	1.5404E-05
6.5800E+00	1.5344E-05
6.5900E+00	1.5285E-05
6.6000E+00	1.5226E-05
6.6100E+00	1.5167E-05
6.6200E+00	1.5109E-05
6.6300E+00	1.5051E-05
6.6400E+00	1.4993E-05
6.6500E+00	1.4935E-05
6.6600E+00	1.4878E-05
6.6700E+00	1.4821E-05
6.6800E+00	1.4764E-05
6.6900E+00	1.4708E-05
6.7000E+00	1.4652E-05
6.7100E+00	1.4596E-05
6.7200E+00	1.4540E-05
6.7300E+00	1.4485E-05
6.7400E+00	1.4430E-05
6.7500E+00	1.4375E-05
6.7600E+00	1.4320E-05
6.7700E+00	1.4266E-05
6.7800E+00	1.4212E-05
6.7900E+00	1.4158E-05
6.8000E+00	1.4104E-05
6.8100E+00	1.4051E-05
6.8200E+00	1.3998E-05
6.8300E+00	1.3945E-05
6.8400E+00	1.3892E-05
6.8500E+00	1.3840E-05
6.8600E+00	1.3788E-05
6.8700E+00	1.3736E-05
6.8800E+00	1.3685E-05
6.8900E+00	1.3633E-05
6.9000E+00	1.3582E-05
6.9100E+00	1.3531E-05
6.9200E+00	1.3481E-05
6.9300E+00	1.3430E-05
6.9400E+00	1.3380E-05
6.9500E+00	1.3330E-05
6.9600E+00	1.3280E-05
6.9700E+00	1.3231E-05
6.9800E+00	1.3182E-05
6.9900E+00	1.3133E-05
7.0000E+00	1.3084E-05
7.0100E+00	1.3035E-05
7.0200E+00	1.2987E-05
7.0300E+00	1.2939E-05
7.0400E+00	1.2891E-05
7.0500E+00	1.2843E-05
7.0600E+00	1.2796E-05
7.0700E+00	1.2748E-05
7.0800E+00	1.2701E-05
7.0900E+00	1.2655E-05
7.1000E+00	1.2608E-05
7.1100E+00	1.2562E-05
7.1200E+00	1.2515E-05
7.1300E+00	1.2470E-05
7.1400E+00	1.2424E-05
7.1500E+00	1.2378E-05
7.1600E+00	1.2333E-05
7.1700E+00	1.2288E-05
7.1800E+00	1.2243E-05
7.1900E+00	1.2198E-05
7.2000E+00	1.2154E-05
7.2100E+00	1.2109E-05
7.2200E+00	1.2065E-05
7.2300E+00	1.2021E-05
7.2400E+00	1.1978E-05
7.2500E+00	1.1934E-05
7.2600E+00	1.1891E-05
7.2700E+00	1.1848E-05
7.2800E+00	1.1805E-05
7.2900E+00	1.1762E-05
7.3000E+00	1.1720E-05
7.3100E+00	1.1677E-05
7.3200E+00	1.1635E-05
7.3300E+00	1.1593E-05
7.3400E+00	1.1551E-05
7.3500E+00	1.1510E-05
7.3600E+00	1.1468E-05
7.3700E+00	1.1427E-05
7.3800E+00	1.1386E-05
7.3900E+00	1.1345E-05
7.4000E+00	1.1305E-05
7.4100E+00	1.1264E-05
7.4200E+00	1.1224E-05
7.4300E+00	1.1184E-05
7.4400E+00	1.1144E-05
7.4500E+00	1.1104E-05
7.4600E+00	1.1065E-05
7.4700E+00	1.1025E-05
7.4800E+00	1.0986E-05
7.4900E+00	1.0947E-05
7.5000E+00	1.0908E-05
7.5100E+00	1.0869E-05
7.5200E+00	1.0831E-05
7.5300E+00	1.0792E-05
7.5400E+00	1.0754E-05
7.5500E+00	1.0716E-05
7.5600E+00	1.0678E-05
7.5700E+00	1.0641E-05
7.5800E+00	1.0603E-05
7.5900E+00	1.0566E-05
7.6000E+00	1.0529E-05
7.6100E+00	1.0491E-05
7.6200E+00	1.0455E-05
7.6300E+00	1.0418E-05
7.6400E+00	1.0381E-05
7.6500E+00	1.0345E-05
7.6600E+00	1.0309E-05
7.6700E+00	1.0273E-05
7.6800E+00	1.0237E-05
7.6900E+00	1.0201E-05
7.7000E+00	1.0165E-05
7.7100E+00	1.0130E-05
7.7200E+00	1.0095E-05
7.7300E+00	1.0059E-05
7.7400E+00	1.0024E-05
7.7500E+00	9.9896E-06
7.7600E+00	9.9549E-06
7.7700E+00	9.9204E-06
7.7800E+00	9.8860E-06
7.7900E+00	9.8518E-06
7.8000E+00	9.8177E-06
7.8100E+00	9.7837E-06
7.8200E+00	9.7499E-06
7.8300E+00	9.7163E-06
7.8400E+00	9.6828E-06
7.8500E+00	9.6494E-06
7.8600E+00	9.6162E-06
7.8700E+00	9.5831E-06
7.8800E+00	9.5502E-06
7.8900E+00	9.5174E-06
7.9000E+00	9.4847E-06
7.9100E+00	9.4522E-06
7.9200E+00	9.4199E-06
7.9300E+00	9.3876E-06
7.9400E+00	9.3555E-06
7.9500E+00	9.3236E-06
7.9600E+00	9.2917E-06
7.9700E+00	9.2600E-06
7.9800E+00	9.2285E-06
7.9900E+00	9.1971E-06
8.0000E+00	9.1658E-06
8.0100E+00	9.1346E-06
8.0200E+00	9.1036E-06
8.0300E+00	9.0727E-06
8.0400E+00	9.0419E-06
8.0500E+00	9.0113E-06
8.0600E+00	8.9808E-06
8.0700E+00	8.9504E-06
8.0800E+00	8.9202E-06
8.0900E+00	8.8901E-06
8.1000E+00	8.8601E-06
8.1100E+00	8.8302E-06
8.1200E+00	8.8005E-06
8.1300E+00	8.7709E-06
8.1400E+00	8.7414E-06
8.1500E+00	8.7120E-06
8.1600E+00	8.6828E-06
8.1700E+00	8.6537E-06
8.1800E+00	8.6247E-06
8.1900E+00	8.5958E-06
8.2000E+00	8.5670E-06
8.2100E+00	8.5384E-06
8.2200E+00	8.5099E-06
8.2300E+00	8.4815E-06
8.2400E+00	8.4532E-06
8.2500E+00	8.4250E-06
8.2600E+00	8.3970E-06
8.2700E+00	8.3691E-06
8.2800E+00	8.3412E-06
8.2900E+00	8.3135E-06
8.3000E+00	8.2860E-06
8.3100E+00	8.2585E-06
8.3200E+00	8.2311E-06
8.3300E+00	8.2039E-06
8.3400E+00	8.1768E-06
8.3500E+00	8.1498E-06
8.3600E+00	8.1228E-06
8.3700E+00	8.0960E-06
8.3800E+00	8.0694E-06
8.3900E+00	8.0428E-06
8.4000E+00	8.0163E-06
8.4100E+00	7.9900E-06
8.4200E+00	7.9637E-06
8.4300E+00	7.9376E-06
8.4400E+00	7.9115E-06
8.4500E+00	7.8856E-06
8.4600E+00	7.8598E-06
8.4700E+00	7.8341E-06
8.4800E+00	7.8085E-06
8.4900E+00	7.7830E-06
8.5000E+00	7.7576E-06
8.5100E+00	7.7323E-06
8.5200E+00	7.7071E-06
8.5300E+00	7.6820E-06
8.5400E+00	7.6570E-06
8.5500E+00	7.6321E-06
8.5600E+00	7.6073E-06
8.5700E+00	7.5826E-06
8.5800E+00	7.5580E-06
8.5900E+00	7.5335E-06
8.6000E+00	7.5091E-06
8.6100E+00	7.4848E-06
8.6200E+00	7.4606E-06
8.6300E+00	7.4365E-06
8.6400E+00	7.4125E-06
8.6500E+00	7.3886E-06
8.6600E+00	7.3648E-06
8.6700E+00	7.3411E-06
8.6800E+00	7.3175E-06
8.6900E+00	7.2940E-06
8.7000E+00	7.2706E-06
8.7100E+00	7.2472E-06
8.7200E+00	7.2240E-06
8.7300E+00	7.2008E-06
8.7400E+00	7.1778E-06
8.7500E+00	7.1548E-06
8.7600E+00	7.1320E-06
8.7700E+00	7.1092E-06
8.7800E+00	7.0865E-06
8.7900E+00	7.0639E-06
8.8000E+00	7.0414E-06
8.8100E+00	7.0190E-06
8.8200E+00	6.9966E-06
8.8300E+00	6.9744E-06
8.8400E+00	6.9523E-06
8.8500E+00	6.9302E-06
8.8600E+00	6.9082E-06
8.8700E+00	6.8863E-06
8.8800E+00	6.8645E-06
8.8900E+00	6.8428E-06
8.9000E+00	6.8212E-06
8.9100E+00	6.7996E-06
8.9200E+00	6.7782E-06
8.9300E+00	6.7568E-06
8.9400E+00	6.7355E-06
8.9500E+00	6.7143E-06
8.9600E+00	6.6932E-06
8.9700E+00	6.6721E-06
8.9800E+00	6.6512E-06
8.9900E+00	6.6303E-06
9.0000E+00	6.6095E-06
9.0100E+00	6.5888E-06
9.0200E+00	6.5681E-06
9.0300E+00	6.5476E-06
9.0400E+00	6.5271E-06
9.0500E+00	6.5067E-06
9.0600E+00	6.4864E-06
9.0700E+00	6.4662E-06
9.0800E+00	6.4460E-06
9.0900E+00	6.4259E-06
9.1000E+00	6.4059E-06
9.1100E+00	6.3860E-06
9.1200E+00	6.3662E-06
9.1300E+00	6.3464E-06
9.1400E+00	6.3267E-06
9.1500E+00	6.3071E-06
9.1600E+00	6.2876E-06
9.1700E+00	6.2681E-06
9.1800E+00	6.2487E-06
9.1900E+00	6.2294E-06
9.2000E+00	6.2102E-06
9.2100E+00	6.1910E-06
9.2200E+00	6.1719E-06
9.2300E+00	6.1529E-06
9.2400E+00	6.1339E-06
9.2500E+00	6.1151E-06
9.2600E+00	6.0963E-06
9.2700E+00	6.0776E-06
9.2800E+00	6.0589E-06
9.2900E+00	6.0403E-06
9.3000E+00	6.0218E-06
9.3100E+00	6.0034E-06
9.3200E+00	5.9850E-06
9.3300E+00	5.9667E-06
9.3400E+00	5.9485E-06
9.3500E+00	5.9303E-06
9.3600E+00	5.9122E-06
9.3700E+00	5.8942E-06
9.3800E+00	5.8762E-06
9.3900E+00	5.8583E-06
9.4000E+00	5.8405E-06
9.4100E+00	5.8228E-06
9.4200E+00	5.8051E-06
9.4300E+00	5.7875E-06
9.4400E+00	5.7699E-06
9.4500E+00	5.7524E-06
9.4600E+00	5.7350E-06
9.4700E+00	5.7177E-06
9.4800E+00	5.7004E-06
9.4900E+00	5.6832E-06
9.5000E+00	5.6660E-06
9.5100E+00	5.6489E-06
9.5200E+00	5.6319E-06
9.5300E+00	5.6149E-06
9.5400E+00	5.5980E-06
9.5500E+00	5.5812E-06
9.5600E+00	5.5644E-06
9.5700E+00	5.5477E-06
9.5800E+00	5.5311E-06
9.5900E+00	5.5145E-06
9.6000E+00	5.4980E-06
9.6100E+00	5.4815E-06
9.6200E+00	5.4651E-06
9.6300E+00	5.4488E-06
9.6400E+00	5.4325E-06
9.6500E+00	5.4163E-06
9.6600E+00	5.4001E-06
9.6700E+00	5.3840E-06
9.6800E+00	5.3680E-06
9.6900E+00	5.3520E-06
9.7000E+00	5.3361E-06
9.7100E+00	5.3203E-06
9.7200E+00	5.3045E-06
9.7300E+00	5.2887E-06
9.7400E+00	5.2730E-06
9.7500E+00	5.2574E-06
9.7600E+00	5.2419E-06
9.7700E+00	5.2263E-06
9.7800E+00	5.2109E-06
9.7900E+00	5.1955E-06
9.8000E+00	5.1802E-06
9.8100E+00	5.1649E-06
9.8200E+00	5.1497E-06
9.8300E+00	5.1345E-06
9.8400E+00	5.1194E-06
9.8500E+00	5.1043E-06
9.8600E+00	5.0893E-06
9.8700E+00	5.0744E-06
9.8800E+00	5.0595E-06
9.8900E+00	5.0446E-06
9.9000E+00	5.0299E-06
9.9100E+00	5.0151E-06
9.9200E+00	5.0005E-06
9.9300E+00	4.9858E-06
9.9400E+00	4.9713E-06
9.9500E+00	4.9568E-06
9.9600E+00	4.9423E-06
9.9700E+00	4.9279E-06
9.9800E+00	4.9135E-06
9.9900E+00	4.8992E-06
