NNPDF3.0 NLO Q2 = 4.0 GeV^2
id	chi2	alpha	As	Asbar	Bs	Bsbar
0	4.49	8.50E-01	1.14E+02	1.27E+02	0.00E+00	0.00E+00
1	18.52	9.50E-01	6.98E+02	7.77E+02	0.00E+00	0.00E+00
2	5.19	8.50E-01	1.57E+02	1.72E+02	0.00E+00	0.00E+00
3	9.38	8.53E-01	4.93E+02	5.42E+02	0.00E+00	0.00E+00
4	9.64	9.50E-01	2.11E+02	2.36E+02	0.00E+00	0.00E+00
5	34.30	9.50E-01	5.96E+01	7.02E+01	0.00E+00	0.00E+00
6	4.91	9.50E-01	1.55E+01	1.89E+01	0.00E+00	0.00E+00
7	29.81	8.50E-01	2.75E+03	2.76E+03	0.00E+00	0.00E+00
8	12.82	9.00E-01	2.46E+01	2.25E+01	0.00E+00	0.00E+00
9	55.95	9.50E-01	7.63E+00	5.14E-07	0.00E+00	0.00E+00
10	169.70	9.50E-01	5.99E+01	6.97E+01	0.00E+00	0.00E+00
11	49.48	9.50E-01	3.26E+01	2.78E+01	0.00E+00	0.00E+00
12	31.36	9.50E-01	2.07E+01	1.78E+01	0.00E+00	0.00E+00
13	8.61	8.50E-01	1.89E+02	2.18E+02	0.00E+00	0.00E+00
14	9.27	9.50E-01	2.05E+02	2.16E+02	0.00E+00	0.00E+00
15	2.09	9.50E-01	9.78E+00	6.68E+00	0.00E+00	0.00E+00
16	10.40	9.50E-01	1.16E+02	1.21E+02	0.00E+00	0.00E+00
17	3501.24	9.50E-01	1.92E+02	2.53E+02	0.00E+00	0.00E+00
18	7.97	9.50E-01	1.09E+02	1.25E+02	0.00E+00	0.00E+00
19	19.52	9.50E-01	2.40E+02	2.72E+02	0.00E+00	0.00E+00
20	12.15	9.50E-01	5.43E+02	5.90E+02	0.00E+00	0.00E+00
21	35.09	8.50E-01	8.99E+05	9.16E+05	0.00E+00	0.00E+00
22	35.51	9.50E-01	1.29E+01	6.38E-01	0.00E+00	0.00E+00
23	3.78	8.50E-01	8.78E+01	9.91E+01	0.00E+00	0.00E+00
24	12.71	9.50E-01	2.64E+02	2.92E+02	0.00E+00	0.00E+00
25	18.82	9.50E-01	2.89E+02	3.08E+02	0.00E+00	0.00E+00
26	589.93	9.50E-01	2.02E+02	2.86E+02	0.00E+00	0.00E+00
27	13.61	8.50E-01	3.65E+00	3.52E-01	0.00E+00	0.00E+00
28	10.17	9.50E-01	2.97E+02	3.09E+02	0.00E+00	0.00E+00
29	4.94	8.50E-01	3.56E+01	4.08E+01	0.00E+00	0.00E+00
30	57.56	9.50E-01	5.45E+00	1.98E-06	0.00E+00	0.00E+00
31	6.48	8.59E-01	2.03E+02	2.43E+02	0.00E+00	0.00E+00
32	986.46	9.50E-01	7.61E+01	9.70E+01	0.00E+00	0.00E+00
33	9.87	9.50E-01	2.36E+02	2.63E+02	0.00E+00	0.00E+00
34	184.43	9.50E-01	6.97E+01	8.34E+01	0.00E+00	0.00E+00
35	7.27	8.50E-01	4.66E+00	1.37E-06	0.00E+00	0.00E+00
36	12.06	9.50E-01	2.30E+02	2.80E+02	0.00E+00	0.00E+00
37	8.94	9.50E-01	2.05E+02	2.23E+02	0.00E+00	0.00E+00
38	7.73	8.50E-01	9.54E+01	1.00E+02	0.00E+00	0.00E+00
39	103.32	9.50E-01	5.32E+01	6.72E+01	0.00E+00	0.00E+00
40	12.63	9.50E-01	3.45E+02	3.70E+02	0.00E+00	0.00E+00
41	10.90	9.50E-01	7.05E+02	7.81E+02	0.00E+00	0.00E+00
42	9.47	9.50E-01	1.61E+02	1.77E+02	0.00E+00	0.00E+00
43	42.61	9.50E-01	5.95E+01	7.17E+01	0.00E+00	0.00E+00
44	135.93	9.50E-01	6.09E+01	7.60E+01	0.00E+00	0.00E+00
45	10.89	9.50E-01	2.14E+02	2.24E+02	0.00E+00	0.00E+00
46	2194.09	9.50E-01	2.17E+02	3.18E+02	0.00E+00	0.00E+00
47	12.53	9.50E-01	1.40E+02	1.54E+02	0.00E+00	0.00E+00
48	14.64	9.48E-01	6.20E+01	7.13E+01	0.00E+00	0.00E+00
49	9.58	8.50E-01	6.33E+01	7.29E+01	0.00E+00	0.00E+00
50	32.99	9.50E-01	4.29E+00	4.50E-07	0.00E+00	0.00E+00
51	14.40	9.50E-01	3.68E+02	4.04E+02	0.00E+00	0.00E+00
52	4.03	8.50E-01	6.19E+01	6.59E+01	0.00E+00	0.00E+00
53	224.79	9.50E-01	9.15E+01	1.16E+02	0.00E+00	0.00E+00
54	4.50	8.50E-01	1.08E+02	1.15E+02	0.00E+00	0.00E+00
55	5.70	9.50E-01	1.28E+02	1.42E+02	0.00E+00	0.00E+00
56	3.76	8.50E-01	6.70E+01	7.53E+01	0.00E+00	0.00E+00
57	7.95	9.50E-01	1.92E+02	2.36E+02	0.00E+00	0.00E+00
58	7.09	8.50E-01	2.32E+02	2.54E+02	0.00E+00	0.00E+00
59	20.08	9.50E-01	2.11E+02	2.55E+02	0.00E+00	0.00E+00
60	14.08	9.50E-01	2.15E+02	2.19E+02	0.00E+00	0.00E+00
61	3.82	8.50E-01	4.13E+01	5.02E+01	0.00E+00	0.00E+00
62	12.29	9.50E-01	2.24E+02	2.44E+02	0.00E+00	0.00E+00
63	4.17	8.57E-01	1.10E+02	1.15E+02	0.00E+00	0.00E+00
64	37.36	9.50E-01	2.15E+02	2.36E+02	0.00E+00	0.00E+00
65	14.84	9.50E-01	3.66E+02	3.97E+02	0.00E+00	0.00E+00
66	95.78	9.50E-01	1.53E+02	1.82E+02	0.00E+00	0.00E+00
67	425.29	9.50E-01	1.02E+02	1.28E+02	0.00E+00	0.00E+00
68	3.43	8.50E-01	9.78E+01	1.10E+02	0.00E+00	0.00E+00
69	39.49	9.50E-01	2.29E+01	1.81E+01	0.00E+00	0.00E+00
70	476.58	9.50E-01	6.03E+00	1.42E-07	0.00E+00	0.00E+00
71	259.84	9.50E-01	8.49E+01	1.06E+02	0.00E+00	0.00E+00
72	12.05	9.50E-01	1.34E+02	1.47E+02	0.00E+00	0.00E+00
73	8.21	8.50E-01	4.30E+02	4.39E+02	0.00E+00	0.00E+00
74	18.70	9.50E-01	3.08E+02	3.40E+02	0.00E+00	0.00E+00
75	7.12	8.50E-01	1.06E+02	1.19E+02	0.00E+00	0.00E+00
76	4.63	8.50E-01	1.21E+02	1.32E+02	0.00E+00	0.00E+00
77	6.06	8.50E-01	6.88E+01	7.63E+01	0.00E+00	0.00E+00
78	23.63	9.50E-01	1.34E+02	1.63E+02	0.00E+00	0.00E+00
79	4.54	8.50E-01	7.49E+01	8.19E+01	0.00E+00	0.00E+00
80	1481.66	9.50E-01	1.36E+02	2.01E+02	0.00E+00	0.00E+00
81	4.33	8.50E-01	7.94E+01	8.67E+01	0.00E+00	0.00E+00
82	6.90	8.50E-01	6.06E+00	1.04E+00	0.00E+00	0.00E+00
83	5.03	8.50E-01	9.34E+01	1.03E+02	0.00E+00	0.00E+00
84	12.43	9.50E-01	1.39E+02	1.62E+02	0.00E+00	0.00E+00
85	18.37	9.50E-01	2.73E+02	2.97E+02	0.00E+00	0.00E+00
86	13.11	9.50E-01	2.23E+02	2.26E+02	0.00E+00	0.00E+00
87	5.08	8.67E-01	1.35E+02	1.43E+02	0.00E+00	0.00E+00
88	6.45	8.50E-01	2.08E+02	2.26E+02	0.00E+00	0.00E+00
89	19.25	9.50E-01	1.90E+02	2.04E+02	0.00E+00	0.00E+00
90	4.56	8.50E-01	1.21E+02	1.33E+02	0.00E+00	0.00E+00
91	7.00	9.44E-01	1.51E+02	1.65E+02	0.00E+00	0.00E+00
92	11.85	9.50E-01	2.08E+02	2.27E+02	0.00E+00	0.00E+00
93	4.55	8.50E-01	9.05E+01	1.03E+02	0.00E+00	0.00E+00
94	12.84	9.26E-01	3.11E+02	3.10E+02	0.00E+00	0.00E+00
95	429.07	9.50E-01	8.94E+01	1.16E+02	0.00E+00	0.00E+00
96	27.66	9.50E-01	1.03E+02	1.20E+02	0.00E+00	0.00E+00
97	4.01	9.26E-01	9.10E+01	1.09E+02	0.00E+00	0.00E+00
98	9.41	8.70E-01	2.06E+02	2.21E+02	0.00E+00	0.00E+00
99	8.03	8.50E-01	9.13E+01	1.00E+02	0.00E+00	0.00E+00
100	417.85	9.50E-01	7.42E+02	1.21E+03	0.00E+00	0.00E+00
