x	s-sbar	delta
1.0000E-04	-6.5624E-01	2.4089E-01
1.0093E-04	-6.5322E-01	2.3978E-01
1.0186E-04	-6.5023E-01	2.3868E-01
1.0280E-04	-6.4724E-01	2.3758E-01
1.0375E-04	-6.4427E-01	2.3649E-01
1.0471E-04	-6.4132E-01	2.3541E-01
1.0568E-04	-6.3837E-01	2.3433E-01
1.0666E-04	-6.3544E-01	2.3325E-01
1.0765E-04	-6.3253E-01	2.3218E-01
1.0864E-04	-6.2962E-01	2.3112E-01
1.0965E-04	-6.2674E-01	2.3006E-01
1.1066E-04	-6.2386E-01	2.2900E-01
1.1169E-04	-6.2100E-01	2.2795E-01
1.1272E-04	-6.1815E-01	2.2690E-01
1.1376E-04	-6.1531E-01	2.2586E-01
1.1482E-04	-6.1249E-01	2.2483E-01
1.1588E-04	-6.0968E-01	2.2379E-01
1.1695E-04	-6.0688E-01	2.2277E-01
1.1803E-04	-6.0409E-01	2.2175E-01
1.1912E-04	-6.0132E-01	2.2073E-01
1.2023E-04	-5.9856E-01	2.1972E-01
1.2134E-04	-5.9582E-01	2.1871E-01
1.2246E-04	-5.9308E-01	2.1770E-01
1.2359E-04	-5.9036E-01	2.1670E-01
1.2474E-04	-5.8765E-01	2.1571E-01
1.2589E-04	-5.8496E-01	2.1472E-01
1.2706E-04	-5.8227E-01	2.1374E-01
1.2823E-04	-5.7960E-01	2.1275E-01
1.2942E-04	-5.7694E-01	2.1178E-01
1.3062E-04	-5.7429E-01	2.1081E-01
1.3183E-04	-5.7166E-01	2.0984E-01
1.3305E-04	-5.6904E-01	2.0888E-01
1.3428E-04	-5.6643E-01	2.0792E-01
1.3552E-04	-5.6383E-01	2.0696E-01
1.3677E-04	-5.6124E-01	2.0602E-01
1.3804E-04	-5.5867E-01	2.0507E-01
1.3932E-04	-5.5610E-01	2.0413E-01
1.4060E-04	-5.5355E-01	2.0319E-01
1.4191E-04	-5.5101E-01	2.0226E-01
1.4322E-04	-5.4848E-01	2.0133E-01
1.4454E-04	-5.4597E-01	2.0041E-01
1.4588E-04	-5.4346E-01	1.9949E-01
1.4723E-04	-5.4097E-01	1.9857E-01
1.4859E-04	-5.3849E-01	1.9766E-01
1.4997E-04	-5.3602E-01	1.9676E-01
1.5136E-04	-5.3356E-01	1.9585E-01
1.5276E-04	-5.3111E-01	1.9496E-01
1.5417E-04	-5.2868E-01	1.9406E-01
1.5560E-04	-5.2625E-01	1.9317E-01
1.5704E-04	-5.2384E-01	1.9229E-01
1.5849E-04	-5.2143E-01	1.9140E-01
1.5996E-04	-5.1904E-01	1.9052E-01
1.6144E-04	-5.1666E-01	1.8965E-01
1.6293E-04	-5.1429E-01	1.8878E-01
1.6444E-04	-5.1193E-01	1.8792E-01
1.6596E-04	-5.0958E-01	1.8705E-01
1.6749E-04	-5.0725E-01	1.8620E-01
1.6904E-04	-5.0492E-01	1.8534E-01
1.7061E-04	-5.0260E-01	1.8449E-01
1.7219E-04	-5.0030E-01	1.8364E-01
1.7378E-04	-4.9800E-01	1.8280E-01
1.7539E-04	-4.9572E-01	1.8196E-01
1.7701E-04	-4.9345E-01	1.8113E-01
1.7865E-04	-4.9118E-01	1.8030E-01
1.8030E-04	-4.8893E-01	1.7947E-01
1.8197E-04	-4.8669E-01	1.7865E-01
1.8365E-04	-4.8445E-01	1.7783E-01
1.8535E-04	-4.8223E-01	1.7701E-01
1.8707E-04	-4.8002E-01	1.7620E-01
1.8880E-04	-4.7782E-01	1.7539E-01
1.9055E-04	-4.7563E-01	1.7459E-01
1.9231E-04	-4.7345E-01	1.7379E-01
1.9409E-04	-4.7128E-01	1.7299E-01
1.9588E-04	-4.6911E-01	1.7220E-01
1.9770E-04	-4.6696E-01	1.7141E-01
1.9953E-04	-4.6482E-01	1.7062E-01
2.0137E-04	-4.6269E-01	1.6984E-01
2.0324E-04	-4.6057E-01	1.6906E-01
2.0512E-04	-4.5846E-01	1.6829E-01
2.0701E-04	-4.5635E-01	1.6751E-01
2.0893E-04	-4.5426E-01	1.6675E-01
2.1086E-04	-4.5218E-01	1.6598E-01
2.1281E-04	-4.5010E-01	1.6522E-01
2.1478E-04	-4.4804E-01	1.6446E-01
2.1677E-04	-4.4599E-01	1.6371E-01
2.1878E-04	-4.4394E-01	1.6296E-01
2.2080E-04	-4.4191E-01	1.6221E-01
2.2284E-04	-4.3988E-01	1.6147E-01
2.2491E-04	-4.3786E-01	1.6073E-01
2.2699E-04	-4.3586E-01	1.5999E-01
2.2909E-04	-4.3386E-01	1.5926E-01
2.3121E-04	-4.3187E-01	1.5853E-01
2.3335E-04	-4.2989E-01	1.5780E-01
2.3550E-04	-4.2792E-01	1.5708E-01
2.3768E-04	-4.2595E-01	1.5636E-01
2.3988E-04	-4.2400E-01	1.5564E-01
2.4210E-04	-4.2206E-01	1.5493E-01
2.4434E-04	-4.2012E-01	1.5421E-01
2.4660E-04	-4.1820E-01	1.5351E-01
2.4889E-04	-4.1628E-01	1.5280E-01
2.5119E-04	-4.1437E-01	1.5210E-01
2.5351E-04	-4.1247E-01	1.5141E-01
2.5586E-04	-4.1058E-01	1.5071E-01
2.5823E-04	-4.0870E-01	1.5002E-01
2.6062E-04	-4.0682E-01	1.4933E-01
2.6303E-04	-4.0496E-01	1.4865E-01
2.6546E-04	-4.0310E-01	1.4797E-01
2.6792E-04	-4.0126E-01	1.4729E-01
2.7040E-04	-3.9942E-01	1.4661E-01
2.7290E-04	-3.9759E-01	1.4594E-01
2.7542E-04	-3.9576E-01	1.4527E-01
2.7797E-04	-3.9395E-01	1.4461E-01
2.8054E-04	-3.9214E-01	1.4394E-01
2.8314E-04	-3.9035E-01	1.4328E-01
2.8576E-04	-3.8856E-01	1.4263E-01
2.8840E-04	-3.8678E-01	1.4197E-01
2.9107E-04	-3.8500E-01	1.4132E-01
2.9376E-04	-3.8324E-01	1.4068E-01
2.9648E-04	-3.8148E-01	1.4003E-01
2.9923E-04	-3.7973E-01	1.3939E-01
3.0200E-04	-3.7799E-01	1.3875E-01
3.0479E-04	-3.7626E-01	1.3811E-01
3.0761E-04	-3.7454E-01	1.3748E-01
3.1046E-04	-3.7282E-01	1.3685E-01
3.1333E-04	-3.7111E-01	1.3622E-01
3.1623E-04	-3.6941E-01	1.3560E-01
3.1915E-04	-3.6772E-01	1.3498E-01
3.2211E-04	-3.6603E-01	1.3436E-01
3.2509E-04	-3.6435E-01	1.3374E-01
3.2810E-04	-3.6269E-01	1.3313E-01
3.3113E-04	-3.6102E-01	1.3252E-01
3.3420E-04	-3.5937E-01	1.3191E-01
3.3729E-04	-3.5772E-01	1.3131E-01
3.4041E-04	-3.5608E-01	1.3071E-01
3.4356E-04	-3.5445E-01	1.3011E-01
3.4674E-04	-3.5283E-01	1.2951E-01
3.4995E-04	-3.5121E-01	1.2892E-01
3.5318E-04	-3.4960E-01	1.2833E-01
3.5645E-04	-3.4800E-01	1.2774E-01
3.5975E-04	-3.4640E-01	1.2716E-01
3.6308E-04	-3.4482E-01	1.2657E-01
3.6644E-04	-3.4324E-01	1.2599E-01
3.6983E-04	-3.4166E-01	1.2542E-01
3.7325E-04	-3.4010E-01	1.2484E-01
3.7670E-04	-3.3854E-01	1.2427E-01
3.8019E-04	-3.3699E-01	1.2370E-01
3.8371E-04	-3.3545E-01	1.2313E-01
3.8726E-04	-3.3391E-01	1.2257E-01
3.9084E-04	-3.3238E-01	1.2201E-01
3.9446E-04	-3.3086E-01	1.2145E-01
3.9811E-04	-3.2934E-01	1.2089E-01
4.0179E-04	-3.2783E-01	1.2034E-01
4.0551E-04	-3.2633E-01	1.1979E-01
4.0926E-04	-3.2484E-01	1.1924E-01
4.1305E-04	-3.2335E-01	1.1869E-01
4.1687E-04	-3.2187E-01	1.1815E-01
4.2073E-04	-3.2039E-01	1.1761E-01
4.2462E-04	-3.1893E-01	1.1707E-01
4.2855E-04	-3.1746E-01	1.1653E-01
4.3251E-04	-3.1601E-01	1.1600E-01
4.3652E-04	-3.1456E-01	1.1547E-01
4.4055E-04	-3.1312E-01	1.1494E-01
4.4463E-04	-3.1169E-01	1.1441E-01
4.4875E-04	-3.1026E-01	1.1389E-01
4.5290E-04	-3.0884E-01	1.1337E-01
4.5709E-04	-3.0742E-01	1.1285E-01
4.6132E-04	-3.0602E-01	1.1233E-01
4.6559E-04	-3.0461E-01	1.1182E-01
4.6989E-04	-3.0322E-01	1.1130E-01
4.7424E-04	-3.0183E-01	1.1079E-01
4.7863E-04	-3.0045E-01	1.1029E-01
4.8306E-04	-2.9907E-01	1.0978E-01
4.8753E-04	-2.9770E-01	1.0928E-01
4.9204E-04	-2.9634E-01	1.0878E-01
4.9659E-04	-2.9498E-01	1.0828E-01
5.0119E-04	-2.9363E-01	1.0778E-01
5.0582E-04	-2.9229E-01	1.0729E-01
5.1050E-04	-2.9095E-01	1.0680E-01
5.1523E-04	-2.8962E-01	1.0631E-01
5.2000E-04	-2.8829E-01	1.0582E-01
5.2481E-04	-2.8697E-01	1.0534E-01
5.2966E-04	-2.8566E-01	1.0486E-01
5.3456E-04	-2.8435E-01	1.0438E-01
5.3951E-04	-2.8305E-01	1.0390E-01
5.4450E-04	-2.8175E-01	1.0342E-01
5.4954E-04	-2.8046E-01	1.0295E-01
5.5463E-04	-2.7918E-01	1.0248E-01
5.5976E-04	-2.7790E-01	1.0201E-01
5.6494E-04	-2.7663E-01	1.0154E-01
5.7016E-04	-2.7536E-01	1.0108E-01
5.7544E-04	-2.7410E-01	1.0061E-01
5.8076E-04	-2.7284E-01	1.0015E-01
5.8614E-04	-2.7160E-01	9.9695E-02
5.9156E-04	-2.7035E-01	9.9238E-02
5.9704E-04	-2.6911E-01	9.8784E-02
6.0256E-04	-2.6788E-01	9.8332E-02
6.0814E-04	-2.6666E-01	9.7882E-02
6.1376E-04	-2.6544E-01	9.7434E-02
6.1944E-04	-2.6422E-01	9.6988E-02
6.2517E-04	-2.6301E-01	9.6544E-02
6.3096E-04	-2.6181E-01	9.6102E-02
6.3680E-04	-2.6061E-01	9.5662E-02
6.4269E-04	-2.5942E-01	9.5224E-02
6.4863E-04	-2.5823E-01	9.4788E-02
6.5464E-04	-2.5705E-01	9.4354E-02
6.6069E-04	-2.5587E-01	9.3922E-02
6.6681E-04	-2.5470E-01	9.3492E-02
6.7298E-04	-2.5353E-01	9.3065E-02
6.7920E-04	-2.5237E-01	9.2639E-02
6.8549E-04	-2.5122E-01	9.2215E-02
6.9183E-04	-2.5007E-01	9.1793E-02
6.9823E-04	-2.4892E-01	9.1372E-02
7.0469E-04	-2.4778E-01	9.0954E-02
7.1121E-04	-2.4665E-01	9.0538E-02
7.1779E-04	-2.4552E-01	9.0124E-02
7.2444E-04	-2.4440E-01	8.9711E-02
7.3114E-04	-2.4328E-01	8.9301E-02
7.3790E-04	-2.4217E-01	8.8892E-02
7.4473E-04	-2.4106E-01	8.8485E-02
7.5162E-04	-2.3995E-01	8.8080E-02
7.5858E-04	-2.3886E-01	8.7677E-02
7.6560E-04	-2.3776E-01	8.7276E-02
7.7268E-04	-2.3668E-01	8.6877E-02
7.7983E-04	-2.3559E-01	8.6479E-02
7.8705E-04	-2.3451E-01	8.6083E-02
7.9433E-04	-2.3344E-01	8.5690E-02
8.0168E-04	-2.3237E-01	8.5298E-02
8.0910E-04	-2.3131E-01	8.4907E-02
8.1658E-04	-2.3025E-01	8.4519E-02
8.2414E-04	-2.2920E-01	8.4132E-02
8.3176E-04	-2.2815E-01	8.3747E-02
8.3946E-04	-2.2711E-01	8.3364E-02
8.4723E-04	-2.2607E-01	8.2983E-02
8.5507E-04	-2.2503E-01	8.2603E-02
8.6298E-04	-2.2400E-01	8.2225E-02
8.7096E-04	-2.2298E-01	8.1849E-02
8.7902E-04	-2.2196E-01	8.1474E-02
8.8716E-04	-2.2094E-01	8.1102E-02
8.9536E-04	-2.1993E-01	8.0731E-02
9.0365E-04	-2.1893E-01	8.0361E-02
9.1201E-04	-2.1792E-01	7.9994E-02
9.2045E-04	-2.1693E-01	7.9628E-02
9.2897E-04	-2.1593E-01	7.9263E-02
9.3756E-04	-2.1495E-01	7.8901E-02
9.4624E-04	-2.1396E-01	7.8540E-02
9.5499E-04	-2.1298E-01	7.8181E-02
9.6383E-04	-2.1201E-01	7.7823E-02
9.7275E-04	-2.1104E-01	7.7467E-02
9.8175E-04	-2.1008E-01	7.7113E-02
9.9083E-04	-2.0911E-01	7.6760E-02
1.0000E-03	-2.0816E-01	7.6409E-02
1.0093E-03	-2.0721E-01	7.6059E-02
1.0186E-03	-2.0626E-01	7.5711E-02
1.0280E-03	-2.0531E-01	7.5365E-02
1.0375E-03	-2.0438E-01	7.5020E-02
1.0471E-03	-2.0344E-01	7.4677E-02
1.0568E-03	-2.0251E-01	7.4335E-02
1.0666E-03	-2.0158E-01	7.3995E-02
1.0765E-03	-2.0066E-01	7.3657E-02
1.0864E-03	-1.9974E-01	7.3320E-02
1.0965E-03	-1.9883E-01	7.2985E-02
1.1066E-03	-1.9792E-01	7.2651E-02
1.1169E-03	-1.9702E-01	7.2319E-02
1.1272E-03	-1.9611E-01	7.1988E-02
1.1376E-03	-1.9522E-01	7.1659E-02
1.1482E-03	-1.9432E-01	7.1331E-02
1.1588E-03	-1.9344E-01	7.1005E-02
1.1695E-03	-1.9255E-01	7.0680E-02
1.1803E-03	-1.9167E-01	7.0357E-02
1.1912E-03	-1.9079E-01	7.0035E-02
1.2023E-03	-1.8992E-01	6.9715E-02
1.2134E-03	-1.8905E-01	6.9396E-02
1.2246E-03	-1.8819E-01	6.9078E-02
1.2359E-03	-1.8733E-01	6.8762E-02
1.2474E-03	-1.8647E-01	6.8448E-02
1.2589E-03	-1.8562E-01	6.8135E-02
1.2706E-03	-1.8477E-01	6.7823E-02
1.2823E-03	-1.8392E-01	6.7513E-02
1.2942E-03	-1.8308E-01	6.7204E-02
1.3062E-03	-1.8225E-01	6.6897E-02
1.3183E-03	-1.8141E-01	6.6591E-02
1.3305E-03	-1.8058E-01	6.6287E-02
1.3428E-03	-1.7976E-01	6.5983E-02
1.3552E-03	-1.7893E-01	6.5682E-02
1.3677E-03	-1.7812E-01	6.5381E-02
1.3804E-03	-1.7730E-01	6.5082E-02
1.3932E-03	-1.7649E-01	6.4785E-02
1.4060E-03	-1.7568E-01	6.4488E-02
1.4191E-03	-1.7488E-01	6.4193E-02
1.4322E-03	-1.7408E-01	6.3900E-02
1.4454E-03	-1.7328E-01	6.3608E-02
1.4588E-03	-1.7249E-01	6.3317E-02
1.4723E-03	-1.7170E-01	6.3027E-02
1.4859E-03	-1.7092E-01	6.2739E-02
1.4997E-03	-1.7014E-01	6.2452E-02
1.5136E-03	-1.6936E-01	6.2166E-02
1.5276E-03	-1.6858E-01	6.1882E-02
1.5417E-03	-1.6781E-01	6.1599E-02
1.5560E-03	-1.6704E-01	6.1317E-02
1.5704E-03	-1.6628E-01	6.1037E-02
1.5849E-03	-1.6552E-01	6.0758E-02
1.5996E-03	-1.6476E-01	6.0480E-02
1.6144E-03	-1.6401E-01	6.0203E-02
1.6293E-03	-1.6326E-01	5.9928E-02
1.6444E-03	-1.6251E-01	5.9654E-02
1.6596E-03	-1.6177E-01	5.9381E-02
1.6749E-03	-1.6103E-01	5.9109E-02
1.6904E-03	-1.6029E-01	5.8839E-02
1.7061E-03	-1.5956E-01	5.8570E-02
1.7219E-03	-1.5883E-01	5.8302E-02
1.7378E-03	-1.5810E-01	5.8035E-02
1.7539E-03	-1.5738E-01	5.7770E-02
1.7701E-03	-1.5666E-01	5.7505E-02
1.7865E-03	-1.5594E-01	5.7242E-02
1.8030E-03	-1.5523E-01	5.6980E-02
1.8197E-03	-1.5452E-01	5.6720E-02
1.8365E-03	-1.5381E-01	5.6460E-02
1.8535E-03	-1.5311E-01	5.6202E-02
1.8707E-03	-1.5241E-01	5.5945E-02
1.8880E-03	-1.5171E-01	5.5689E-02
1.9055E-03	-1.5102E-01	5.5434E-02
1.9231E-03	-1.5033E-01	5.5181E-02
1.9409E-03	-1.4964E-01	5.4928E-02
1.9588E-03	-1.4895E-01	5.4677E-02
1.9770E-03	-1.4827E-01	5.4427E-02
1.9953E-03	-1.4759E-01	5.4178E-02
2.0137E-03	-1.4692E-01	5.3930E-02
2.0324E-03	-1.4625E-01	5.3683E-02
2.0512E-03	-1.4558E-01	5.3437E-02
2.0701E-03	-1.4491E-01	5.3193E-02
2.0893E-03	-1.4425E-01	5.2949E-02
2.1086E-03	-1.4359E-01	5.2707E-02
2.1281E-03	-1.4293E-01	5.2466E-02
2.1478E-03	-1.4228E-01	5.2226E-02
2.1677E-03	-1.4163E-01	5.1987E-02
2.1878E-03	-1.4098E-01	5.1749E-02
2.2080E-03	-1.4033E-01	5.1512E-02
2.2284E-03	-1.3969E-01	5.1276E-02
2.2491E-03	-1.3905E-01	5.1041E-02
2.2699E-03	-1.3841E-01	5.0808E-02
2.2909E-03	-1.3778E-01	5.0575E-02
2.3121E-03	-1.3715E-01	5.0344E-02
2.3335E-03	-1.3652E-01	5.0113E-02
2.3550E-03	-1.3590E-01	4.9884E-02
2.3768E-03	-1.3527E-01	4.9655E-02
2.3988E-03	-1.3465E-01	4.9428E-02
2.4210E-03	-1.3404E-01	4.9202E-02
2.4434E-03	-1.3342E-01	4.8976E-02
2.4660E-03	-1.3281E-01	4.8752E-02
2.4889E-03	-1.3221E-01	4.8529E-02
2.5119E-03	-1.3160E-01	4.8306E-02
2.5351E-03	-1.3100E-01	4.8085E-02
2.5586E-03	-1.3040E-01	4.7865E-02
2.5823E-03	-1.2980E-01	4.7646E-02
2.6062E-03	-1.2920E-01	4.7427E-02
2.6303E-03	-1.2861E-01	4.7210E-02
2.6546E-03	-1.2802E-01	4.6994E-02
2.6792E-03	-1.2744E-01	4.6778E-02
2.7040E-03	-1.2685E-01	4.6564E-02
2.7290E-03	-1.2627E-01	4.6351E-02
2.7542E-03	-1.2569E-01	4.6138E-02
2.7797E-03	-1.2512E-01	4.5927E-02
2.8054E-03	-1.2454E-01	4.5716E-02
2.8314E-03	-1.2397E-01	4.5507E-02
2.8576E-03	-1.2340E-01	4.5298E-02
2.8840E-03	-1.2284E-01	4.5090E-02
2.9107E-03	-1.2228E-01	4.4884E-02
2.9376E-03	-1.2171E-01	4.4678E-02
2.9648E-03	-1.2116E-01	4.4473E-02
2.9923E-03	-1.2060E-01	4.4269E-02
3.0200E-03	-1.2005E-01	4.4066E-02
3.0479E-03	-1.1950E-01	4.3864E-02
3.0761E-03	-1.1895E-01	4.3663E-02
3.1046E-03	-1.1840E-01	4.3462E-02
3.1333E-03	-1.1786E-01	4.3263E-02
3.1623E-03	-1.1732E-01	4.3064E-02
3.1915E-03	-1.1678E-01	4.2867E-02
3.2211E-03	-1.1624E-01	4.2670E-02
3.2509E-03	-1.1571E-01	4.2474E-02
3.2810E-03	-1.1518E-01	4.2279E-02
3.3113E-03	-1.1465E-01	4.2085E-02
3.3420E-03	-1.1412E-01	4.1892E-02
3.3729E-03	-1.1360E-01	4.1699E-02
3.4041E-03	-1.1308E-01	4.1508E-02
3.4356E-03	-1.1256E-01	4.1317E-02
3.4674E-03	-1.1204E-01	4.1127E-02
3.4995E-03	-1.1153E-01	4.0938E-02
3.5318E-03	-1.1101E-01	4.0750E-02
3.5645E-03	-1.1050E-01	4.0563E-02
3.5975E-03	-1.1000E-01	4.0377E-02
3.6308E-03	-1.0949E-01	4.0191E-02
3.6644E-03	-1.0899E-01	4.0006E-02
3.6983E-03	-1.0849E-01	3.9822E-02
3.7325E-03	-1.0799E-01	3.9639E-02
3.7670E-03	-1.0749E-01	3.9457E-02
3.8019E-03	-1.0700E-01	3.9275E-02
3.8371E-03	-1.0650E-01	3.9095E-02
3.8726E-03	-1.0601E-01	3.8915E-02
3.9084E-03	-1.0553E-01	3.8736E-02
3.9446E-03	-1.0504E-01	3.8557E-02
3.9811E-03	-1.0456E-01	3.8380E-02
4.0179E-03	-1.0408E-01	3.8203E-02
4.0551E-03	-1.0360E-01	3.8027E-02
4.0926E-03	-1.0312E-01	3.7852E-02
4.1305E-03	-1.0264E-01	3.7678E-02
4.1687E-03	-1.0217E-01	3.7504E-02
4.2073E-03	-1.0170E-01	3.7331E-02
4.2462E-03	-1.0123E-01	3.7159E-02
4.2855E-03	-1.0076E-01	3.6988E-02
4.3251E-03	-1.0030E-01	3.6817E-02
4.3652E-03	-9.9837E-02	3.6647E-02
4.4055E-03	-9.9377E-02	3.6478E-02
4.4463E-03	-9.8918E-02	3.6310E-02
4.4875E-03	-9.8462E-02	3.6143E-02
4.5290E-03	-9.8007E-02	3.5976E-02
4.5709E-03	-9.7555E-02	3.5810E-02
4.6132E-03	-9.7105E-02	3.5644E-02
4.6559E-03	-9.6656E-02	3.5480E-02
4.6989E-03	-9.6209E-02	3.5316E-02
4.7424E-03	-9.5765E-02	3.5153E-02
4.7863E-03	-9.5322E-02	3.4990E-02
4.8306E-03	-9.4882E-02	3.4828E-02
4.8753E-03	-9.4443E-02	3.4667E-02
4.9204E-03	-9.4006E-02	3.4507E-02
4.9659E-03	-9.3571E-02	3.4347E-02
5.0119E-03	-9.3138E-02	3.4188E-02
5.0582E-03	-9.2707E-02	3.4030E-02
5.1050E-03	-9.2278E-02	3.3872E-02
5.1523E-03	-9.1850E-02	3.3716E-02
5.2000E-03	-9.1425E-02	3.3559E-02
5.2481E-03	-9.1001E-02	3.3404E-02
5.2966E-03	-9.0579E-02	3.3249E-02
5.3456E-03	-9.0159E-02	3.3095E-02
5.3951E-03	-8.9741E-02	3.2941E-02
5.4450E-03	-8.9325E-02	3.2789E-02
5.4954E-03	-8.8910E-02	3.2636E-02
5.5463E-03	-8.8498E-02	3.2485E-02
5.5976E-03	-8.8087E-02	3.2334E-02
5.6494E-03	-8.7677E-02	3.2184E-02
5.7016E-03	-8.7270E-02	3.2034E-02
5.7544E-03	-8.6864E-02	3.1885E-02
5.8076E-03	-8.6461E-02	3.1737E-02
5.8614E-03	-8.6058E-02	3.1590E-02
5.9156E-03	-8.5658E-02	3.1443E-02
5.9704E-03	-8.5259E-02	3.1296E-02
6.0256E-03	-8.4862E-02	3.1150E-02
6.0814E-03	-8.4467E-02	3.1005E-02
6.1376E-03	-8.4073E-02	3.0861E-02
6.1944E-03	-8.3681E-02	3.0717E-02
6.2517E-03	-8.3291E-02	3.0574E-02
6.3096E-03	-8.2903E-02	3.0431E-02
6.3680E-03	-8.2516E-02	3.0289E-02
6.4269E-03	-8.2130E-02	3.0148E-02
6.4863E-03	-8.1747E-02	3.0007E-02
6.5464E-03	-8.1365E-02	2.9867E-02
6.6069E-03	-8.0984E-02	2.9727E-02
6.6681E-03	-8.0606E-02	2.9588E-02
6.7298E-03	-8.0229E-02	2.9450E-02
6.7920E-03	-7.9853E-02	2.9312E-02
6.8549E-03	-7.9479E-02	2.9174E-02
6.9183E-03	-7.9107E-02	2.9038E-02
6.9823E-03	-7.8736E-02	2.8902E-02
7.0469E-03	-7.8367E-02	2.8766E-02
7.1121E-03	-7.7999E-02	2.8631E-02
7.1779E-03	-7.7633E-02	2.8497E-02
7.2444E-03	-7.7268E-02	2.8363E-02
7.3114E-03	-7.6905E-02	2.8230E-02
7.3790E-03	-7.6543E-02	2.8097E-02
7.4473E-03	-7.6183E-02	2.7965E-02
7.5162E-03	-7.5825E-02	2.7833E-02
7.5858E-03	-7.5468E-02	2.7702E-02
7.6560E-03	-7.5112E-02	2.7572E-02
7.7268E-03	-7.4758E-02	2.7442E-02
7.7983E-03	-7.4405E-02	2.7312E-02
7.8705E-03	-7.4054E-02	2.7183E-02
7.9433E-03	-7.3705E-02	2.7055E-02
8.0168E-03	-7.3356E-02	2.6927E-02
8.0910E-03	-7.3009E-02	2.6800E-02
8.1658E-03	-7.2664E-02	2.6673E-02
8.2414E-03	-7.2320E-02	2.6547E-02
8.3176E-03	-7.1977E-02	2.6421E-02
8.3946E-03	-7.1636E-02	2.6296E-02
8.4723E-03	-7.1296E-02	2.6171E-02
8.5507E-03	-7.0958E-02	2.6047E-02
8.6298E-03	-7.0621E-02	2.5923E-02
8.7096E-03	-7.0285E-02	2.5800E-02
8.7902E-03	-6.9951E-02	2.5677E-02
8.8716E-03	-6.9618E-02	2.5555E-02
8.9536E-03	-6.9286E-02	2.5433E-02
9.0365E-03	-6.8956E-02	2.5312E-02
9.1201E-03	-6.8627E-02	2.5191E-02
9.2045E-03	-6.8300E-02	2.5071E-02
9.2897E-03	-6.7973E-02	2.4951E-02
9.3756E-03	-6.7648E-02	2.4832E-02
9.4624E-03	-6.7325E-02	2.4713E-02
9.5499E-03	-6.7002E-02	2.4595E-02
9.6383E-03	-6.6681E-02	2.4477E-02
9.7275E-03	-6.6361E-02	2.4359E-02
9.8175E-03	-6.6043E-02	2.4242E-02
9.9083E-03	-6.5725E-02	2.4126E-02
1.0000E-02	-6.5409E-02	2.4010E-02
1.1984E-02	-5.9441E-02	2.1819E-02
1.3968E-02	-5.4720E-02	2.0086E-02
1.5952E-02	-5.0846E-02	1.8664E-02
1.7936E-02	-4.7576E-02	1.7464E-02
1.9920E-02	-4.4755E-02	1.6428E-02
2.1904E-02	-4.2279E-02	1.5519E-02
2.3888E-02	-4.0075E-02	1.4710E-02
2.5872E-02	-3.8090E-02	1.3982E-02
2.7856E-02	-3.6283E-02	1.3318E-02
2.9840E-02	-3.4624E-02	1.2710E-02
3.1824E-02	-3.3091E-02	1.2147E-02
3.3808E-02	-3.1664E-02	1.1623E-02
3.5792E-02	-3.0329E-02	1.1133E-02
3.7776E-02	-2.9074E-02	1.0672E-02
3.9760E-02	-2.7888E-02	1.0237E-02
4.1743E-02	-2.6763E-02	9.8239E-03
4.3727E-02	-2.5693E-02	9.4310E-03
4.5711E-02	-2.4671E-02	9.0560E-03
4.7695E-02	-2.3693E-02	8.6970E-03
4.9679E-02	-2.2754E-02	8.3525E-03
5.1663E-02	-2.1852E-02	8.0211E-03
5.3647E-02	-2.0982E-02	7.7017E-03
5.5631E-02	-2.0141E-02	7.3933E-03
5.7615E-02	-1.9329E-02	7.0950E-03
5.9599E-02	-1.8541E-02	6.8059E-03
6.1583E-02	-1.7777E-02	6.5255E-03
6.3567E-02	-1.7035E-02	6.2531E-03
6.5551E-02	-1.6314E-02	5.9882E-03
6.7535E-02	-1.5611E-02	5.7303E-03
6.9519E-02	-1.4926E-02	5.4790E-03
7.1503E-02	-1.4258E-02	5.2338E-03
7.3487E-02	-1.3606E-02	4.9945E-03
7.5471E-02	-1.2970E-02	4.7608E-03
7.7455E-02	-1.2347E-02	4.5323E-03
7.9439E-02	-1.1738E-02	4.3088E-03
8.1423E-02	-1.1142E-02	4.0900E-03
8.3407E-02	-1.0559E-02	3.8759E-03
8.5391E-02	-9.9874E-03	3.6661E-03
8.7375E-02	-9.4273E-03	3.4605E-03
8.9359E-02	-8.8782E-03	3.2589E-03
9.1343E-02	-8.3398E-03	3.0613E-03
9.3327E-02	-7.8117E-03	2.8674E-03
9.5311E-02	-7.2934E-03	2.6772E-03
9.7295E-02	-6.7849E-03	2.4905E-03
9.9279E-02	-6.2856E-03	2.3073E-03
1.0126E-01	-5.7955E-03	2.1274E-03
1.0325E-01	-5.3143E-03	1.9507E-03
1.0523E-01	-4.8417E-03	1.7772E-03
1.0721E-01	-4.3775E-03	1.6069E-03
1.0920E-01	-3.9216E-03	1.4395E-03
1.1118E-01	-3.4738E-03	1.2751E-03
1.1317E-01	-3.0339E-03	1.1137E-03
1.1515E-01	-2.6018E-03	9.5506E-04
1.1713E-01	-2.1774E-03	7.9925E-04
1.1912E-01	-1.7604E-03	6.4620E-04
1.2110E-01	-1.3509E-03	4.9587E-04
1.2309E-01	-9.4861E-04	3.4821E-04
1.2507E-01	-5.5351E-04	2.0318E-04
1.2705E-01	-1.6549E-04	6.0748E-05
1.2904E-01	2.1554E-04	7.9119E-05
1.3102E-01	5.8968E-04	2.1645E-04
1.3301E-01	9.5700E-04	3.5129E-04
1.3499E-01	1.3176E-03	4.8365E-04
1.3697E-01	1.6715E-03	6.1356E-04
1.3896E-01	2.0188E-03	7.4105E-04
1.4094E-01	2.3596E-03	8.6615E-04
1.4293E-01	2.6939E-03	9.8887E-04
1.4491E-01	3.0219E-03	1.1092E-03
1.4689E-01	3.3434E-03	1.2273E-03
1.4888E-01	3.6587E-03	1.3430E-03
1.5086E-01	3.9677E-03	1.4564E-03
1.5285E-01	4.2705E-03	1.5676E-03
1.5483E-01	4.5672E-03	1.6765E-03
1.5681E-01	4.8578E-03	1.7832E-03
1.5880E-01	5.1424E-03	1.8876E-03
1.6078E-01	5.4209E-03	1.9899E-03
1.6277E-01	5.6935E-03	2.0899E-03
1.6475E-01	5.9601E-03	2.1878E-03
1.6673E-01	6.2209E-03	2.2835E-03
1.6872E-01	6.4758E-03	2.3771E-03
1.7070E-01	6.7250E-03	2.4685E-03
1.7269E-01	6.9683E-03	2.5579E-03
1.7467E-01	7.2060E-03	2.6451E-03
1.7665E-01	7.4380E-03	2.7303E-03
1.7864E-01	7.6644E-03	2.8134E-03
1.8062E-01	7.8851E-03	2.8944E-03
1.8261E-01	8.1003E-03	2.9734E-03
1.8459E-01	8.3100E-03	3.0504E-03
1.8657E-01	8.5142E-03	3.1253E-03
1.8856E-01	8.7130E-03	3.1983E-03
1.9054E-01	8.9063E-03	3.2692E-03
1.9253E-01	9.0943E-03	3.3383E-03
1.9451E-01	9.2770E-03	3.4053E-03
1.9649E-01	9.4543E-03	3.4704E-03
1.9848E-01	9.6265E-03	3.5336E-03
2.0046E-01	9.7934E-03	3.5949E-03
2.0244E-01	9.9551E-03	3.6542E-03
2.0443E-01	1.0112E-02	3.7117E-03
2.0641E-01	1.0263E-02	3.7674E-03
2.0840E-01	1.0410E-02	3.8211E-03
2.1038E-01	1.0551E-02	3.8731E-03
2.1236E-01	1.0688E-02	3.9232E-03
2.1435E-01	1.0819E-02	3.9715E-03
2.1633E-01	1.0946E-02	4.0180E-03
2.1832E-01	1.1068E-02	4.0628E-03
2.2030E-01	1.1185E-02	4.1058E-03
2.2228E-01	1.1298E-02	4.1470E-03
2.2427E-01	1.1405E-02	4.1866E-03
2.2625E-01	1.1508E-02	4.2244E-03
2.2824E-01	1.1607E-02	4.2605E-03
2.3022E-01	1.1701E-02	4.2950E-03
2.3220E-01	1.1790E-02	4.3278E-03
2.3419E-01	1.1875E-02	4.3590E-03
2.3617E-01	1.1955E-02	4.3885E-03
2.3816E-01	1.2032E-02	4.4164E-03
2.4014E-01	1.2103E-02	4.4428E-03
2.4212E-01	1.2171E-02	4.4676E-03
2.4411E-01	1.2234E-02	4.4908E-03
2.4609E-01	1.2293E-02	4.5125E-03
2.4808E-01	1.2348E-02	4.5327E-03
2.5006E-01	1.2399E-02	4.5514E-03
2.5204E-01	1.2446E-02	4.5686E-03
2.5403E-01	1.2489E-02	4.5843E-03
2.5601E-01	1.2528E-02	4.5986E-03
2.5800E-01	1.2563E-02	4.6115E-03
2.5998E-01	1.2594E-02	4.6230E-03
2.6196E-01	1.2622E-02	4.6332E-03
2.6395E-01	1.2646E-02	4.6419E-03
2.6593E-01	1.2666E-02	4.6493E-03
2.6792E-01	1.2683E-02	4.6554E-03
2.6990E-01	1.2696E-02	4.6602E-03
2.7188E-01	1.2705E-02	4.6637E-03
2.7387E-01	1.2711E-02	4.6659E-03
2.7585E-01	1.2714E-02	4.6669E-03
2.7784E-01	1.2713E-02	4.6667E-03
2.7982E-01	1.2710E-02	4.6653E-03
2.8180E-01	1.2702E-02	4.6627E-03
2.8379E-01	1.2692E-02	4.6589E-03
2.8577E-01	1.2679E-02	4.6540E-03
2.8776E-01	1.2662E-02	4.6480E-03
2.8974E-01	1.2643E-02	4.6409E-03
2.9172E-01	1.2621E-02	4.6326E-03
2.9371E-01	1.2595E-02	4.6234E-03
2.9569E-01	1.2567E-02	4.6131E-03
2.9768E-01	1.2536E-02	4.6017E-03
2.9966E-01	1.2503E-02	4.5894E-03
3.0164E-01	1.2467E-02	4.5761E-03
3.0363E-01	1.2428E-02	4.5619E-03
3.0561E-01	1.2386E-02	4.5467E-03
3.0760E-01	1.2343E-02	4.5306E-03
3.0958E-01	1.2296E-02	4.5136E-03
3.1156E-01	1.2248E-02	4.4957E-03
3.1355E-01	1.2197E-02	4.4770E-03
3.1553E-01	1.2143E-02	4.4574E-03
3.1752E-01	1.2088E-02	4.4371E-03
3.1950E-01	1.2030E-02	4.4159E-03
3.2148E-01	1.1970E-02	4.3940E-03
3.2347E-01	1.1909E-02	4.3713E-03
3.2545E-01	1.1845E-02	4.3479E-03
3.2743E-01	1.1779E-02	4.3238E-03
3.2942E-01	1.1712E-02	4.2990E-03
3.3140E-01	1.1642E-02	4.2735E-03
3.3339E-01	1.1571E-02	4.2473E-03
3.3537E-01	1.1498E-02	4.2206E-03
3.3735E-01	1.1423E-02	4.1932E-03
3.3934E-01	1.1347E-02	4.1652E-03
3.4132E-01	1.1269E-02	4.1367E-03
3.4331E-01	1.1190E-02	4.1076E-03
3.4529E-01	1.1109E-02	4.0780E-03
3.4727E-01	1.1027E-02	4.0478E-03
3.4926E-01	1.0944E-02	4.0172E-03
3.5124E-01	1.0859E-02	3.9861E-03
3.5323E-01	1.0773E-02	3.9545E-03
3.5521E-01	1.0686E-02	3.9225E-03
3.5719E-01	1.0598E-02	3.8901E-03
3.5918E-01	1.0508E-02	3.8572E-03
3.6116E-01	1.0418E-02	3.8240E-03
3.6315E-01	1.0326E-02	3.7904E-03
3.6513E-01	1.0234E-02	3.7565E-03
3.6711E-01	1.0140E-02	3.7222E-03
3.6910E-01	1.0046E-02	3.6876E-03
3.7108E-01	9.9510E-03	3.6527E-03
3.7307E-01	9.8552E-03	3.6175E-03
3.7505E-01	9.7586E-03	3.5821E-03
3.7703E-01	9.6614E-03	3.5464E-03
3.7902E-01	9.5636E-03	3.5105E-03
3.8100E-01	9.4652E-03	3.4744E-03
3.8299E-01	9.3662E-03	3.4381E-03
3.8497E-01	9.2667E-03	3.4016E-03
3.8695E-01	9.1668E-03	3.3649E-03
3.8894E-01	9.0665E-03	3.3280E-03
3.9092E-01	8.9657E-03	3.2911E-03
3.9291E-01	8.8647E-03	3.2540E-03
3.9489E-01	8.7633E-03	3.2168E-03
3.9687E-01	8.6617E-03	3.1795E-03
3.9886E-01	8.5599E-03	3.1421E-03
4.0084E-01	8.4579E-03	3.1047E-03
4.0283E-01	8.3558E-03	3.0672E-03
4.0481E-01	8.2535E-03	3.0296E-03
4.0679E-01	8.1512E-03	2.9921E-03
4.0878E-01	8.0488E-03	2.9545E-03
4.1076E-01	7.9465E-03	2.9169E-03
4.1275E-01	7.8442E-03	2.8794E-03
4.1473E-01	7.7419E-03	2.8418E-03
4.1671E-01	7.6397E-03	2.8043E-03
4.1870E-01	7.5377E-03	2.7669E-03
4.2068E-01	7.4359E-03	2.7295E-03
4.2267E-01	7.3342E-03	2.6922E-03
4.2465E-01	7.2328E-03	2.6549E-03
4.2663E-01	7.1316E-03	2.6178E-03
4.2862E-01	7.0307E-03	2.5808E-03
4.3060E-01	6.9301E-03	2.5439E-03
4.3259E-01	6.8299E-03	2.5071E-03
4.3457E-01	6.7300E-03	2.4704E-03
4.3655E-01	6.6306E-03	2.4339E-03
4.3854E-01	6.5315E-03	2.3975E-03
4.4052E-01	6.4329E-03	2.3613E-03
4.4251E-01	6.3347E-03	2.3253E-03
4.4449E-01	6.2371E-03	2.2895E-03
4.4647E-01	6.1399E-03	2.2538E-03
4.4846E-01	6.0433E-03	2.2183E-03
4.5044E-01	5.9473E-03	2.1831E-03
4.5242E-01	5.8518E-03	2.1480E-03
4.5441E-01	5.7570E-03	2.1132E-03
4.5639E-01	5.6627E-03	2.0786E-03
4.5838E-01	5.5691E-03	2.0443E-03
4.6036E-01	5.4761E-03	2.0101E-03
4.6234E-01	5.3839E-03	1.9763E-03
4.6433E-01	5.2923E-03	1.9426E-03
4.6631E-01	5.2014E-03	1.9093E-03
4.6830E-01	5.1112E-03	1.8762E-03
4.7028E-01	5.0218E-03	1.8434E-03
4.7226E-01	4.9331E-03	1.8108E-03
4.7425E-01	4.8452E-03	1.7785E-03
4.7623E-01	4.7581E-03	1.7466E-03
4.7822E-01	4.6718E-03	1.7149E-03
4.8020E-01	4.5863E-03	1.6835E-03
4.8218E-01	4.5016E-03	1.6524E-03
4.8417E-01	4.4177E-03	1.6216E-03
4.8615E-01	4.3346E-03	1.5911E-03
4.8814E-01	4.2525E-03	1.5610E-03
4.9012E-01	4.1711E-03	1.5311E-03
4.9210E-01	4.0907E-03	1.5016E-03
4.9409E-01	4.0111E-03	1.4723E-03
4.9607E-01	3.9324E-03	1.4435E-03
4.9806E-01	3.8545E-03	1.4149E-03
5.0004E-01	3.7776E-03	1.3866E-03
5.0202E-01	3.7016E-03	1.3587E-03
5.0401E-01	3.6265E-03	1.3312E-03
5.0599E-01	3.5523E-03	1.3039E-03
5.0798E-01	3.4790E-03	1.2770E-03
5.0996E-01	3.4066E-03	1.2505E-03
5.1194E-01	3.3352E-03	1.2242E-03
5.1393E-01	3.2646E-03	1.1984E-03
5.1591E-01	3.1951E-03	1.1728E-03
5.1790E-01	3.1264E-03	1.1476E-03
5.1988E-01	3.0587E-03	1.1228E-03
5.2186E-01	2.9919E-03	1.0982E-03
5.2385E-01	2.9261E-03	1.0741E-03
5.2583E-01	2.8612E-03	1.0503E-03
5.2782E-01	2.7972E-03	1.0268E-03
5.2980E-01	2.7342E-03	1.0036E-03
5.3178E-01	2.6721E-03	9.8084E-04
5.3377E-01	2.6109E-03	9.5839E-04
5.3575E-01	2.5507E-03	9.3628E-04
5.3774E-01	2.4914E-03	9.1452E-04
5.3972E-01	2.4330E-03	8.9309E-04
5.4170E-01	2.3756E-03	8.7201E-04
5.4369E-01	2.3191E-03	8.5127E-04
5.4567E-01	2.2635E-03	8.3086E-04
5.4766E-01	2.2088E-03	8.1079E-04
5.4964E-01	2.1550E-03	7.9105E-04
5.5162E-01	2.1022E-03	7.7165E-04
5.5361E-01	2.0502E-03	7.5259E-04
5.5559E-01	1.9992E-03	7.3385E-04
5.5758E-01	1.9490E-03	7.1544E-04
5.5956E-01	1.8998E-03	6.9735E-04
5.6154E-01	1.8514E-03	6.7960E-04
5.6353E-01	1.8039E-03	6.6216E-04
5.6551E-01	1.7573E-03	6.4504E-04
5.6749E-01	1.7115E-03	6.2825E-04
5.6948E-01	1.6666E-03	6.1176E-04
5.7146E-01	1.6226E-03	5.9559E-04
5.7345E-01	1.5794E-03	5.7973E-04
5.7543E-01	1.5370E-03	5.6418E-04
5.7741E-01	1.4955E-03	5.4894E-04
5.7940E-01	1.4547E-03	5.3399E-04
5.8138E-01	1.4148E-03	5.1935E-04
5.8337E-01	1.3758E-03	5.0500E-04
5.8535E-01	1.3375E-03	4.9095E-04
5.8733E-01	1.3000E-03	4.7718E-04
5.8932E-01	1.2633E-03	4.6371E-04
5.9130E-01	1.2273E-03	4.5051E-04
5.9329E-01	1.1922E-03	4.3760E-04
5.9527E-01	1.1577E-03	4.2497E-04
5.9725E-01	1.1241E-03	4.1262E-04
5.9924E-01	1.0911E-03	4.0053E-04
6.0122E-01	1.0590E-03	3.8871E-04
6.0321E-01	1.0275E-03	3.7716E-04
6.0519E-01	9.9672E-04	3.6587E-04
6.0717E-01	9.6667E-04	3.5484E-04
6.0916E-01	9.3730E-04	3.4406E-04
6.1114E-01	9.0862E-04	3.3353E-04
6.1313E-01	8.8062E-04	3.2325E-04
6.1511E-01	8.5328E-04	3.1321E-04
6.1709E-01	8.2660E-04	3.0342E-04
6.1908E-01	8.0056E-04	2.9386E-04
6.2106E-01	7.7516E-04	2.8454E-04
6.2305E-01	7.5038E-04	2.7544E-04
6.2503E-01	7.2622E-04	2.6658E-04
6.2701E-01	7.0267E-04	2.5793E-04
6.2900E-01	6.7972E-04	2.4951E-04
6.3098E-01	6.5735E-04	2.4130E-04
6.3297E-01	6.3556E-04	2.3330E-04
6.3495E-01	6.1434E-04	2.2551E-04
6.3693E-01	5.9368E-04	2.1792E-04
6.3892E-01	5.7357E-04	2.1054E-04
6.4090E-01	5.5399E-04	2.0336E-04
6.4289E-01	5.3495E-04	1.9636E-04
6.4487E-01	5.1642E-04	1.8956E-04
6.4685E-01	4.9841E-04	1.8295E-04
6.4884E-01	4.8089E-04	1.7652E-04
6.5082E-01	4.6387E-04	1.7027E-04
6.5281E-01	4.4732E-04	1.6420E-04
6.5479E-01	4.3125E-04	1.5830E-04
6.5677E-01	4.1565E-04	1.5257E-04
6.5876E-01	4.0049E-04	1.4701E-04
6.6074E-01	3.8578E-04	1.4161E-04
6.6273E-01	3.7150E-04	1.3637E-04
6.6471E-01	3.5765E-04	1.3128E-04
6.6669E-01	3.4422E-04	1.2635E-04
6.6868E-01	3.3119E-04	1.2157E-04
6.7066E-01	3.1857E-04	1.1694E-04
6.7265E-01	3.0633E-04	1.1245E-04
6.7463E-01	2.9448E-04	1.0809E-04
6.7661E-01	2.8299E-04	1.0388E-04
6.7860E-01	2.7188E-04	9.9798E-05
6.8058E-01	2.6111E-04	9.5848E-05
6.8257E-01	2.5070E-04	9.2025E-05
6.8455E-01	2.4062E-04	8.8326E-05
6.8653E-01	2.3088E-04	8.4749E-05
6.8852E-01	2.2146E-04	8.1291E-05
6.9050E-01	2.1235E-04	7.7949E-05
6.9248E-01	2.0355E-04	7.4719E-05
6.9447E-01	1.9505E-04	7.1599E-05
6.9645E-01	1.8685E-04	6.8586E-05
6.9844E-01	1.7892E-04	6.5677E-05
7.0042E-01	1.7128E-04	6.2871E-05
7.0240E-01	1.6390E-04	6.0163E-05
7.0439E-01	1.5678E-04	5.7551E-05
7.0637E-01	1.4993E-04	5.5033E-05
7.0836E-01	1.4331E-04	5.2607E-05
7.1034E-01	1.3694E-04	5.0269E-05
7.1232E-01	1.3081E-04	4.8017E-05
7.1431E-01	1.2490E-04	4.5848E-05
7.1629E-01	1.1922E-04	4.3762E-05
7.1828E-01	1.1375E-04	4.1754E-05
7.2026E-01	1.0849E-04	3.9822E-05
7.2224E-01	1.0343E-04	3.7965E-05
7.2423E-01	9.8566E-05	3.6181E-05
7.2621E-01	9.3895E-05	3.4466E-05
7.2820E-01	8.9409E-05	3.2819E-05
7.3018E-01	8.5102E-05	3.1238E-05
7.3216E-01	8.0968E-05	2.9721E-05
7.3415E-01	7.7002E-05	2.8265E-05
7.3613E-01	7.3200E-05	2.6869E-05
7.3812E-01	6.9554E-05	2.5531E-05
7.4010E-01	6.6061E-05	2.4249E-05
7.4208E-01	6.2716E-05	2.3021E-05
7.4407E-01	5.9512E-05	2.1845E-05
7.4605E-01	5.6447E-05	2.0720E-05
7.4804E-01	5.3514E-05	1.9643E-05
7.5002E-01	5.0710E-05	1.8614E-05
7.5200E-01	4.8029E-05	1.7630E-05
7.5399E-01	4.5468E-05	1.6690E-05
7.5597E-01	4.3023E-05	1.5792E-05
7.5796E-01	4.0688E-05	1.4935E-05
7.5994E-01	3.8460E-05	1.4118E-05
7.6192E-01	3.6336E-05	1.3338E-05
7.6391E-01	3.4311E-05	1.2595E-05
7.6589E-01	3.2382E-05	1.1886E-05
7.6788E-01	3.0544E-05	1.1212E-05
7.6986E-01	2.8795E-05	1.0570E-05
7.7184E-01	2.7131E-05	9.9590E-06
7.7383E-01	2.5549E-05	9.3782E-06
7.7581E-01	2.4045E-05	8.8261E-06
7.7780E-01	2.2616E-05	8.3016E-06
7.7978E-01	2.1259E-05	7.8037E-06
7.8176E-01	1.9972E-05	7.3312E-06
7.8375E-01	1.8751E-05	6.8830E-06
7.8573E-01	1.7594E-05	6.4582E-06
7.8772E-01	1.6497E-05	6.0558E-06
7.8970E-01	1.5459E-05	5.6747E-06
7.9168E-01	1.4477E-05	5.3141E-06
7.9367E-01	1.3548E-05	4.9731E-06
7.9565E-01	1.2670E-05	4.6507E-06
7.9764E-01	1.1840E-05	4.3463E-06
7.9962E-01	1.1057E-05	4.0588E-06
8.0160E-01	1.0319E-05	3.7877E-06
8.0359E-01	9.6222E-06	3.5320E-06
8.0557E-01	8.9660E-06	3.2912E-06
8.0756E-01	8.3482E-06	3.0644E-06
8.0954E-01	7.7669E-06	2.8510E-06
8.1152E-01	7.2203E-06	2.6504E-06
8.1351E-01	6.7067E-06	2.4618E-06
8.1549E-01	6.2245E-06	2.2848E-06
8.1747E-01	5.7720E-06	2.1187E-06
8.1946E-01	5.3479E-06	1.9630E-06
8.2144E-01	4.9505E-06	1.8172E-06
8.2343E-01	4.5785E-06	1.6806E-06
8.2541E-01	4.2306E-06	1.5529E-06
8.2739E-01	3.9055E-06	1.4336E-06
8.2938E-01	3.6018E-06	1.3221E-06
8.3136E-01	3.3186E-06	1.2181E-06
8.3335E-01	3.0545E-06	1.1212E-06
8.3533E-01	2.8085E-06	1.0309E-06
8.3731E-01	2.5797E-06	9.4693E-07
8.3930E-01	2.3669E-06	8.6883E-07
8.4128E-01	2.1693E-06	7.9629E-07
8.4327E-01	1.9859E-06	7.2898E-07
8.4525E-01	1.8160E-06	6.6660E-07
8.4723E-01	1.6586E-06	6.0883E-07
8.4922E-01	1.5130E-06	5.5539E-07
8.5120E-01	1.3785E-06	5.0600E-07
8.5319E-01	1.2543E-06	4.6042E-07
8.5517E-01	1.1398E-06	4.1840E-07
8.5715E-01	1.0344E-06	3.7970E-07
8.5914E-01	9.3742E-07	3.4410E-07
8.6112E-01	8.4832E-07	3.1139E-07
8.6311E-01	7.6657E-07	2.8138E-07
8.6509E-01	6.9165E-07	2.5389E-07
8.6707E-01	6.2309E-07	2.2872E-07
8.6906E-01	5.6043E-07	2.0572E-07
8.7104E-01	5.0325E-07	1.8473E-07
8.7303E-01	4.5113E-07	1.6560E-07
8.7501E-01	4.0371E-07	1.4819E-07
8.7699E-01	3.6063E-07	1.3238E-07
8.7898E-01	3.2154E-07	1.1803E-07
8.8096E-01	2.8614E-07	1.0504E-07
8.8295E-01	2.5414E-07	9.3287E-08
8.8493E-01	2.2525E-07	8.2684E-08
8.8691E-01	1.9923E-07	7.3131E-08
8.8890E-01	1.7583E-07	6.4540E-08
8.9088E-01	1.5482E-07	5.6830E-08
8.9287E-01	1.3600E-07	4.9923E-08
8.9485E-01	1.1918E-07	4.3749E-08
8.9683E-01	1.0418E-07	3.8242E-08
8.9882E-01	9.0828E-08	3.3340E-08
9.0080E-01	7.8971E-08	2.8988E-08
9.0279E-01	6.8468E-08	2.5132E-08
9.0477E-01	5.9186E-08	2.1726E-08
9.0675E-01	5.1006E-08	1.8723E-08
9.0874E-01	4.3816E-08	1.6083E-08
9.1072E-01	3.7514E-08	1.3770E-08
9.1271E-01	3.2006E-08	1.1748E-08
9.1469E-01	2.7207E-08	9.9870E-09
9.1667E-01	2.3040E-08	8.4573E-09
9.1866E-01	1.9433E-08	7.1333E-09
9.2064E-01	1.6322E-08	5.9914E-09
9.2263E-01	1.3649E-08	5.0101E-09
9.2461E-01	1.1361E-08	4.1702E-09
9.2659E-01	9.4100E-09	3.4541E-09
9.2858E-01	7.7542E-09	2.8463E-09
9.3056E-01	6.3552E-09	2.3328E-09
9.3255E-01	5.1787E-09	1.9009E-09
9.3453E-01	4.1944E-09	1.5396E-09
9.3651E-01	3.3752E-09	1.2390E-09
9.3850E-01	2.6975E-09	9.9017E-10
9.4048E-01	2.1401E-09	7.8557E-10
9.4246E-01	1.6847E-09	6.1839E-10
9.4445E-01	1.3151E-09	4.8274E-10
9.4643E-01	1.0175E-09	3.7348E-10
9.4842E-01	7.7963E-10	2.8618E-10
9.5040E-01	5.9121E-10	2.1702E-10
9.5238E-01	4.4332E-10	1.6273E-10
9.5437E-01	3.2839E-10	1.2054E-10
9.5635E-01	2.4005E-10	8.8115E-11
9.5834E-01	1.7294E-10	6.3483E-11
9.6032E-01	1.2263E-10	4.5014E-11
9.6230E-01	8.5441E-11	3.1363E-11
9.6429E-01	5.8383E-11	2.1431E-11
9.6627E-01	3.9039E-11	1.4330E-11
9.6826E-01	2.5477E-11	9.3520E-12
9.7024E-01	1.6177E-11	5.9382E-12
9.7222E-01	9.9562E-12	3.6546E-12
9.7421E-01	5.9118E-12	2.1700E-12
9.7619E-01	3.3674E-12	1.2361E-12
9.7818E-01	1.8267E-12	6.7052E-13
9.8016E-01	9.3495E-13	3.4319E-13
9.8214E-01	4.4602E-13	1.6372E-13
9.8413E-01	1.9504E-13	7.1595E-14
9.8611E-01	7.6388E-14	2.8040E-14
9.8810E-01	2.5895E-14	9.5054E-15
9.9008E-01	7.2071E-15	2.6455E-15
9.9206E-01	1.5073E-15	5.5327E-16
9.9405E-01	2.0063E-16	7.3646E-17
9.9603E-01	1.1709E-17	4.2981E-18
9.9802E-01	9.1216E-20	3.3483E-20
1.0000E+00	0.0000E+00	0.0000E+00
