x	s-sbar	delta
1.0000E-04	-7.4155E-53	5.4565E-29
1.0093E-04	-1.1453E-52	6.8694E-29
1.0186E-04	-1.7621E-52	8.6357E-29
1.0280E-04	-2.7011E-52	1.0842E-28
1.0375E-04	-4.1255E-52	1.3596E-28
1.0471E-04	-6.2788E-52	1.7033E-28
1.0568E-04	-9.5233E-52	2.1321E-28
1.0666E-04	-1.4397E-51	2.6674E-28
1.0765E-04	-2.1699E-51	3.3360E-28
1.0864E-04	-3.2612E-51	4.1720E-28
1.0965E-04	-4.8894E-51	5.2189E-28
1.1066E-04	-7.3158E-51	6.5324E-28
1.1169E-04	-1.0932E-50	8.1847E-28
1.1272E-04	-1.6326E-50	1.0269E-27
1.1376E-04	-2.4397E-50	1.2908E-27
1.1482E-04	-3.6531E-50	1.6261E-27
1.1588E-04	-5.4914E-50	2.0541E-27
1.1695E-04	-8.3052E-50	2.6028E-27
1.1803E-04	-1.2672E-49	3.3097E-27
1.1912E-04	-1.9562E-49	4.2251E-27
1.2023E-04	-3.0649E-49	5.4165E-27
1.2134E-04	-4.8872E-49	6.9747E-27
1.2246E-04	-7.9485E-49	9.0225E-27
1.2359E-04	-1.3201E-48	1.1726E-26
1.2474E-04	-2.2384E-48	1.5309E-26
1.2589E-04	-3.8700E-48	2.0078E-26
1.2706E-04	-6.8064E-48	2.6443E-26
1.2823E-04	-1.2141E-47	3.4963E-26
1.2942E-04	-2.1892E-47	4.6392E-26
1.3062E-04	-3.9786E-47	6.1752E-26
1.3183E-04	-7.2670E-47	8.2418E-26
1.3305E-04	-1.3309E-46	1.1025E-25
1.3428E-04	-2.4393E-46	1.4773E-25
1.3552E-04	-4.4675E-46	1.9822E-25
1.3677E-04	-8.1667E-46	2.6621E-25
1.3804E-04	-1.4887E-45	3.5770E-25
1.3932E-04	-2.7046E-45	4.8068E-25
1.4060E-04	-4.8944E-45	6.4582E-25
1.4191E-04	-8.8197E-45	8.6725E-25
1.4322E-04	-1.5822E-44	1.1637E-24
1.4454E-04	-2.8250E-44	1.5599E-24
1.4588E-04	-5.0201E-44	2.0884E-24
1.4723E-04	-8.8776E-44	2.7922E-24
1.4859E-04	-1.5623E-43	3.7273E-24
1.4997E-04	-2.7357E-43	4.9673E-24
1.5136E-04	-4.7671E-43	6.6080E-24
1.5276E-04	-8.2661E-43	8.7741E-24
1.5417E-04	-1.4263E-42	1.1627E-23
1.5560E-04	-2.4492E-42	1.5378E-23
1.5704E-04	-4.1852E-42	2.0295E-23
1.5849E-04	-7.1173E-42	2.6729E-23
1.5996E-04	-1.2046E-41	3.5127E-23
1.6144E-04	-2.0292E-41	4.6063E-23
1.6293E-04	-3.4021E-41	6.0271E-23
1.6444E-04	-5.6775E-41	7.8687E-23
1.6596E-04	-9.4311E-41	1.0250E-22
1.6749E-04	-1.5594E-40	1.3323E-22
1.6904E-04	-2.5669E-40	1.7279E-22
1.7061E-04	-4.2063E-40	2.2360E-22
1.7219E-04	-6.8619E-40	2.8870E-22
1.7378E-04	-1.1145E-39	3.7194E-22
1.7539E-04	-1.8022E-39	4.7812E-22
1.7701E-04	-2.9017E-39	6.1326E-22
1.7865E-04	-4.6519E-39	7.8490E-22
1.8030E-04	-7.4261E-39	1.0024E-21
1.8197E-04	-1.1805E-38	1.2774E-21
1.8365E-04	-1.8687E-38	1.6244E-21
1.8535E-04	-2.9460E-38	2.0612E-21
1.8707E-04	-4.6253E-38	2.6100E-21
1.8880E-04	-7.2323E-38	3.2980E-21
1.9055E-04	-1.1263E-37	4.1587E-21
1.9231E-04	-1.7471E-37	5.2333E-21
1.9409E-04	-2.6994E-37	6.5721E-21
1.9588E-04	-4.1545E-37	8.2367E-21
1.9770E-04	-6.3691E-37	1.0302E-20
1.9953E-04	-9.7268E-37	1.2860E-20
2.0137E-04	-1.4798E-36	1.6021E-20
2.0324E-04	-2.2429E-36	1.9920E-20
2.0512E-04	-3.3868E-36	2.4721E-20
2.0701E-04	-5.0952E-36	3.0619E-20
2.0893E-04	-7.6374E-36	3.7853E-20
2.1086E-04	-1.1406E-35	4.6708E-20
2.1281E-04	-1.6974E-35	5.7527E-20
2.1478E-04	-2.5170E-35	7.0722E-20
2.1677E-04	-3.7192E-35	8.6785E-20
2.1878E-04	-5.4764E-35	1.0630E-19
2.2080E-04	-8.0359E-35	1.2998E-19
2.2284E-04	-1.1751E-34	1.5865E-19
2.2491E-04	-1.7126E-34	1.9331E-19
2.2699E-04	-2.4875E-34	2.3513E-19
2.2909E-04	-3.6011E-34	2.8551E-19
2.3121E-04	-5.1959E-34	3.4610E-19
2.3335E-04	-7.4726E-34	4.1886E-19
2.3550E-04	-1.0712E-33	5.0607E-19
2.3768E-04	-1.5307E-33	6.1046E-19
2.3988E-04	-2.1802E-33	7.3519E-19
2.4210E-04	-3.0957E-33	8.8401E-19
2.4434E-04	-4.3820E-33	1.0613E-18
2.4660E-04	-6.1835E-33	1.2722E-18
2.4889E-04	-8.6990E-33	1.5227E-18
2.5119E-04	-1.2201E-32	1.8198E-18
2.5351E-04	-1.7061E-32	2.1718E-18
2.5586E-04	-2.3787E-32	2.5880E-18
2.5823E-04	-3.3067E-32	3.0797E-18
2.6062E-04	-4.5834E-32	3.6597E-18
2.6303E-04	-6.3348E-32	4.3430E-18
2.6546E-04	-8.7305E-32	5.1470E-18
2.6792E-04	-1.1999E-31	6.0919E-18
2.7040E-04	-1.6444E-31	7.2011E-18
2.7290E-04	-2.2475E-31	8.5017E-18
2.7542E-04	-3.0634E-31	1.0025E-17
2.7797E-04	-4.1643E-31	1.1807E-17
2.8054E-04	-5.6459E-31	1.3890E-17
2.8314E-04	-7.6347E-31	1.6322E-17
2.8576E-04	-1.0298E-30	1.9159E-17
2.8840E-04	-1.3854E-30	2.2466E-17
2.9107E-04	-1.8593E-30	2.6316E-17
2.9376E-04	-2.4891E-30	3.0797E-17
2.9648E-04	-3.3243E-30	3.6006E-17
2.9923E-04	-4.4294E-30	4.2058E-17
3.0200E-04	-5.8884E-30	4.9085E-17
3.0479E-04	-7.8105E-30	5.7238E-17
3.0761E-04	-1.0338E-29	6.6693E-17
3.1046E-04	-1.3654E-29	7.7652E-17
3.1333E-04	-1.7997E-29	9.0347E-17
3.1623E-04	-2.3676E-29	1.0505E-16
3.1915E-04	-3.1090E-29	1.2206E-16
3.2211E-04	-4.0754E-29	1.4175E-16
3.2509E-04	-5.3334E-29	1.6452E-16
3.2810E-04	-6.9691E-29	1.9085E-16
3.3113E-04	-9.0936E-29	2.2129E-16
3.3420E-04	-1.1851E-28	2.5648E-16
3.3729E-04	-1.5427E-28	2.9714E-16
3.4041E-04	-2.0062E-28	3.4412E-16
3.4356E-04	-2.6070E-28	3.9839E-16
3.4674E-04	-3.3855E-28	4.6109E-16
3.4995E-04	-4.3948E-28	5.3350E-16
3.5318E-04	-5.7035E-28	6.1715E-16
3.5645E-04	-7.4018E-28	7.1375E-16
3.5975E-04	-9.6075E-28	8.2530E-16
3.6308E-04	-1.2475E-27	9.5413E-16
3.6644E-04	-1.6209E-27	1.1029E-15
3.6983E-04	-2.1076E-27	1.2747E-15
3.7325E-04	-2.7431E-27	1.4730E-15
3.7670E-04	-3.5744E-27	1.7020E-15
3.8019E-04	-4.6637E-27	1.9664E-15
3.8371E-04	-6.0937E-27	2.2716E-15
3.8726E-04	-7.9745E-27	2.6239E-15
3.9084E-04	-1.0453E-26	3.0305E-15
3.9446E-04	-1.3723E-26	3.4997E-15
3.9811E-04	-1.8048E-26	4.0410E-15
4.0179E-04	-2.3774E-26	4.6655E-15
4.0551E-04	-3.1366E-26	5.3856E-15
4.0926E-04	-4.1444E-26	6.2159E-15
4.1305E-04	-5.4835E-26	7.1730E-15
4.1687E-04	-7.2642E-26	8.2759E-15
4.2073E-04	-9.6335E-26	9.5463E-15
4.2462E-04	-1.2787E-25	1.1009E-14
4.2855E-04	-1.6984E-25	1.2693E-14
4.3251E-04	-2.2570E-25	1.4630E-14
4.3652E-04	-3.0003E-25	1.6859E-14
4.4055E-04	-3.9887E-25	1.9420E-14
4.4463E-04	-5.3022E-25	2.2362E-14
4.4875E-04	-7.0464E-25	2.5741E-14
4.5290E-04	-9.3599E-25	2.9620E-14
4.5709E-04	-1.2425E-24	3.4068E-14
4.6132E-04	-1.6481E-24	3.9167E-14
4.6559E-04	-2.1840E-24	4.5009E-14
4.6989E-04	-2.8912E-24	5.1698E-14
4.7424E-04	-3.8226E-24	5.9351E-14
4.7863E-04	-5.0476E-24	6.8101E-14
4.8306E-04	-6.6557E-24	7.8099E-14
4.8753E-04	-8.7629E-24	8.9516E-14
4.9204E-04	-1.1519E-23	1.0254E-13
4.9659E-04	-1.5117E-23	1.1740E-13
5.0119E-04	-1.9806E-23	1.3432E-13
5.0582E-04	-2.5902E-23	1.5359E-13
5.1050E-04	-3.3814E-23	1.7551E-13
5.1523E-04	-4.4061E-23	2.0044E-13
5.2000E-04	-5.7306E-23	2.2875E-13
5.2481E-04	-7.4390E-23	2.6089E-13
5.2966E-04	-9.6382E-23	2.9735E-13
5.3456E-04	-1.2463E-22	3.3868E-13
5.3951E-04	-1.6085E-22	3.8549E-13
5.4450E-04	-2.0719E-22	4.3846E-13
5.4954E-04	-2.6635E-22	4.9837E-13
5.5463E-04	-3.4172E-22	5.6608E-13
5.5976E-04	-4.3758E-22	6.4253E-13
5.6494E-04	-5.5921E-22	7.2881E-13
5.7016E-04	-7.1327E-22	8.2609E-13
5.7544E-04	-9.0799E-22	9.3570E-13
5.8076E-04	-1.1536E-21	1.0591E-12
5.8614E-04	-1.4629E-21	1.1980E-12
5.9156E-04	-1.8516E-21	1.3541E-12
5.9704E-04	-2.3391E-21	1.5295E-12
6.0256E-04	-2.9495E-21	1.7265E-12
6.0814E-04	-3.7122E-21	1.9475E-12
6.1376E-04	-4.6635E-21	2.1952E-12
6.1944E-04	-5.8480E-21	2.4729E-12
6.2517E-04	-7.3202E-21	2.7838E-12
6.3096E-04	-9.1469E-21	3.1316E-12
6.3680E-04	-1.1409E-20	3.5207E-12
6.4269E-04	-1.4207E-20	3.9059E-12
6.4863E-04	-1.7661E-20	4.3839E-12
6.5464E-04	-2.1918E-20	4.9140E-12
6.6069E-04	-2.7157E-20	5.5053E-12
6.6681E-04	-3.3594E-20	6.1646E-12
6.7298E-04	-4.1491E-20	6.8994E-12
6.7920E-04	-5.1166E-20	7.7178E-12
6.8549E-04	-6.3001E-20	8.6289E-12
6.9183E-04	-7.7458E-20	9.6427E-12
6.9823E-04	-9.5097E-20	1.0770E-11
7.0469E-04	-1.1659E-19	1.2024E-11
7.1121E-04	-1.4274E-19	1.3416E-11
7.1779E-04	-1.7452E-19	1.4962E-11
7.2444E-04	-2.1310E-19	1.6679E-11
7.3114E-04	-2.5987E-19	1.8583E-11
7.3790E-04	-3.1653E-19	2.0694E-11
7.4473E-04	-3.8508E-19	2.3034E-11
7.5162E-04	-4.6793E-19	2.5626E-11
7.5858E-04	-5.6798E-19	2.8496E-11
7.6560E-04	-6.8867E-19	3.1673E-11
7.7268E-04	-8.3414E-19	3.5187E-11
7.7983E-04	-1.0093E-18	3.9072E-11
7.8705E-04	-1.2201E-18	4.3365E-11
7.9433E-04	-1.4736E-18	4.8107E-11
8.0168E-04	-1.7782E-18	5.3343E-11
8.0910E-04	-2.1438E-18	5.9122E-11
8.1658E-04	-2.5825E-18	6.5496E-11
8.2414E-04	-3.1086E-18	7.2523E-11
8.3176E-04	-3.7389E-18	8.0267E-11
8.3946E-04	-4.4939E-18	8.8798E-11
8.4723E-04	-5.3976E-18	9.8191E-11
8.5507E-04	-6.4787E-18	1.0853E-10
8.6298E-04	-7.7714E-18	1.1990E-10
8.7096E-04	-9.3163E-18	1.3240E-10
8.7902E-04	-1.1162E-17	1.4614E-10
8.8716E-04	-1.3365E-17	1.6124E-10
8.9536E-04	-1.5995E-17	1.7781E-10
9.0365E-04	-1.9131E-17	1.9600E-10
9.1201E-04	-2.2871E-17	2.1596E-10
9.2045E-04	-2.7328E-17	2.3785E-10
9.2897E-04	-3.2637E-17	2.6184E-10
9.3756E-04	-3.8959E-17	2.8812E-10
9.4624E-04	-4.6483E-17	3.1691E-10
9.5499E-04	-5.5432E-17	3.4842E-10
9.6383E-04	-6.6073E-17	3.8290E-10
9.7275E-04	-7.8718E-17	4.2062E-10
9.8175E-04	-9.3739E-17	4.6185E-10
9.9083E-04	-1.1157E-16	5.0692E-10
1.0000E-03	-1.3273E-16	5.5614E-10
1.0093E-03	-1.5782E-16	6.0989E-10
1.0186E-03	-1.8756E-16	6.6856E-10
1.0280E-03	-2.2278E-16	7.3257E-10
1.0375E-03	-2.6449E-16	8.0237E-10
1.0471E-03	-3.1382E-16	8.7847E-10
1.0568E-03	-3.7216E-16	9.6139E-10
1.0666E-03	-4.4109E-16	1.0517E-09
1.0765E-03	-5.2248E-16	1.1500E-09
1.0864E-03	-6.1853E-16	1.2571E-09
1.0965E-03	-7.3179E-16	1.3735E-09
1.1066E-03	-8.6526E-16	1.5001E-09
1.1169E-03	-1.0224E-15	1.6377E-09
1.1272E-03	-1.2073E-15	1.7873E-09
1.1376E-03	-1.4248E-15	1.9497E-09
1.1482E-03	-1.6803E-15	2.1261E-09
1.1588E-03	-1.9802E-15	2.3175E-09
1.1695E-03	-2.3321E-15	2.5252E-09
1.1803E-03	-2.7446E-15	2.7504E-09
1.1912E-03	-3.2277E-15	2.9946E-09
1.2023E-03	-3.7932E-15	3.2591E-09
1.2134E-03	-4.4545E-15	3.5457E-09
1.2246E-03	-5.2273E-15	3.8560E-09
1.2359E-03	-6.1296E-15	4.1919E-09
1.2474E-03	-7.1823E-15	4.5554E-09
1.2589E-03	-8.4095E-15	4.9485E-09
1.2706E-03	-9.8389E-15	5.3735E-09
1.2823E-03	-1.1503E-14	5.8328E-09
1.2942E-03	-1.3437E-14	6.3291E-09
1.3062E-03	-1.5686E-14	6.8650E-09
1.3183E-03	-1.8296E-14	7.4437E-09
1.3305E-03	-2.1325E-14	8.0681E-09
1.3428E-03	-2.4836E-14	8.7418E-09
1.3552E-03	-2.8903E-14	9.4682E-09
1.3677E-03	-3.3611E-14	1.0251E-08
1.3804E-03	-3.9056E-14	1.1095E-08
1.3932E-03	-4.5349E-14	1.2004E-08
1.4060E-03	-5.2615E-14	1.2984E-08
1.4191E-03	-6.1001E-14	1.4037E-08
1.4322E-03	-7.0670E-14	1.5172E-08
1.4454E-03	-8.1811E-14	1.6392E-08
1.4588E-03	-9.4639E-14	1.7704E-08
1.4723E-03	-1.0940E-13	1.9114E-08
1.4859E-03	-1.2637E-13	2.0629E-08
1.4997E-03	-1.4586E-13	2.2257E-08
1.5136E-03	-1.6825E-13	2.4006E-08
1.5276E-03	-1.9392E-13	2.5883E-08
1.5417E-03	-2.2337E-13	2.7897E-08
1.5560E-03	-2.5710E-13	3.0057E-08
1.5704E-03	-2.9572E-13	3.2374E-08
1.5849E-03	-3.3990E-13	3.4859E-08
1.5996E-03	-3.9042E-13	3.7521E-08
1.6144E-03	-4.4815E-13	4.0373E-08
1.6293E-03	-5.1408E-13	4.3427E-08
1.6444E-03	-5.8930E-13	4.6698E-08
1.6596E-03	-6.7509E-13	5.0198E-08
1.6749E-03	-7.7287E-13	5.3943E-08
1.6904E-03	-8.8424E-13	5.7948E-08
1.7061E-03	-1.0110E-12	6.2231E-08
1.7219E-03	-1.1552E-12	6.6809E-08
1.7378E-03	-1.3191E-12	7.1701E-08
1.7539E-03	-1.5054E-12	7.6926E-08
1.7701E-03	-1.7169E-12	8.2506E-08
1.7865E-03	-1.9569E-12	8.8463E-08
1.8030E-03	-2.2291E-12	9.4820E-08
1.8197E-03	-2.5377E-12	1.0160E-07
1.8365E-03	-2.8872E-12	1.0884E-07
1.8535E-03	-3.2829E-12	1.1655E-07
1.8707E-03	-3.7306E-12	1.2477E-07
1.8880E-03	-4.2369E-12	1.3353E-07
1.9055E-03	-4.8091E-12	1.4286E-07
1.9231E-03	-5.4554E-12	1.5279E-07
1.9409E-03	-6.1645E-12	1.6337E-07
1.9588E-03	-6.9864E-12	1.7463E-07
1.9770E-03	-7.9132E-12	1.8660E-07
1.9953E-03	-8.9580E-12	1.9934E-07
2.0137E-03	-1.0135E-11	2.1289E-07
2.0324E-03	-1.1460E-11	2.2728E-07
2.0512E-03	-1.2951E-11	2.4258E-07
2.0701E-03	-1.4628E-11	2.5884E-07
2.0893E-03	-1.6512E-11	2.7610E-07
2.1086E-03	-1.8630E-11	2.9442E-07
2.1281E-03	-2.1007E-11	3.1388E-07
2.1478E-03	-2.3674E-11	3.3452E-07
2.1677E-03	-2.6665E-11	3.5642E-07
2.1878E-03	-3.0018E-11	3.7964E-07
2.2080E-03	-3.3775E-11	4.0426E-07
2.2284E-03	-3.7981E-11	4.3035E-07
2.2491E-03	-4.2687E-11	4.5800E-07
2.2699E-03	-4.7952E-11	4.8729E-07
2.2909E-03	-5.3836E-11	5.1830E-07
2.3121E-03	-6.0412E-11	5.5114E-07
2.3335E-03	-6.7754E-11	5.8590E-07
2.3550E-03	-7.5949E-11	6.2267E-07
2.3768E-03	-8.5090E-11	6.6158E-07
2.3988E-03	-9.5282E-11	7.0272E-07
2.4210E-03	-1.0664E-10	7.4621E-07
2.4434E-03	-1.1929E-10	7.9219E-07
2.4660E-03	-1.3337E-10	8.4077E-07
2.4889E-03	-1.4904E-10	8.9209E-07
2.5119E-03	-1.6646E-10	9.4629E-07
2.5351E-03	-1.8583E-10	1.0035E-06
2.5586E-03	-2.0734E-10	1.0639E-06
2.5823E-03	-2.3123E-10	1.1277E-06
2.6062E-03	-2.5775E-10	1.1949E-06
2.6303E-03	-2.8716E-10	1.2658E-06
2.6546E-03	-3.1977E-10	1.3406E-06
2.6792E-03	-3.5590E-10	1.4195E-06
2.7040E-03	-3.9593E-10	1.5026E-06
2.7290E-03	-4.4024E-10	1.5901E-06
2.7542E-03	-4.8927E-10	1.6823E-06
2.7797E-03	-5.4350E-10	1.7795E-06
2.8054E-03	-6.0344E-10	1.8817E-06
2.8314E-03	-6.6968E-10	1.9893E-06
2.8576E-03	-7.4284E-10	2.1026E-06
2.8840E-03	-8.2359E-10	2.2217E-06
2.9107E-03	-9.1269E-10	2.3470E-06
2.9376E-03	-1.0109E-09	2.4788E-06
2.9648E-03	-1.1193E-09	2.6173E-06
2.9923E-03	-1.2386E-09	2.7628E-06
3.0200E-03	-1.3700E-09	2.9158E-06
3.0479E-03	-1.5147E-09	3.0765E-06
3.0761E-03	-1.6739E-09	3.2452E-06
3.1046E-03	-1.8489E-09	3.4224E-06
3.1333E-03	-2.0414E-09	3.6084E-06
3.1623E-03	-2.2528E-09	3.8036E-06
3.1915E-03	-2.4850E-09	4.0083E-06
3.2211E-03	-2.7399E-09	4.2231E-06
3.2509E-03	-3.0196E-09	4.4484E-06
3.2810E-03	-3.3263E-09	4.6846E-06
3.3113E-03	-3.6626E-09	4.9322E-06
3.3420E-03	-4.0311E-09	5.1916E-06
3.3729E-03	-4.4348E-09	5.4635E-06
3.4041E-03	-4.8767E-09	5.7482E-06
3.4356E-03	-5.3602E-09	6.0464E-06
3.4674E-03	-5.8892E-09	6.3586E-06
3.4995E-03	-6.4676E-09	6.6854E-06
3.5318E-03	-7.0997E-09	7.0274E-06
3.5645E-03	-7.7902E-09	7.3853E-06
3.5975E-03	-8.5443E-09	7.7596E-06
3.6308E-03	-9.3673E-09	8.1511E-06
3.6644E-03	-1.0265E-08	8.5604E-06
3.6983E-03	-1.1245E-08	8.9883E-06
3.7325E-03	-1.2312E-08	9.4355E-06
3.7670E-03	-1.3475E-08	9.9027E-06
3.8019E-03	-1.4743E-08	1.0391E-05
3.8371E-03	-1.6122E-08	1.0901E-05
3.8726E-03	-1.7623E-08	1.1433E-05
3.9084E-03	-1.9257E-08	1.1989E-05
3.9446E-03	-2.1033E-08	1.2569E-05
3.9811E-03	-2.2963E-08	1.3174E-05
4.0179E-03	-2.5061E-08	1.3806E-05
4.0551E-03	-2.7339E-08	1.4464E-05
4.0926E-03	-2.9812E-08	1.5151E-05
4.1305E-03	-3.2496E-08	1.5868E-05
4.1687E-03	-3.5407E-08	1.6614E-05
4.2073E-03	-3.8564E-08	1.7392E-05
4.2462E-03	-4.1986E-08	1.8203E-05
4.2855E-03	-4.5693E-08	1.9048E-05
4.3251E-03	-4.9709E-08	1.9928E-05
4.3652E-03	-5.4056E-08	2.0844E-05
4.4055E-03	-5.8761E-08	2.1798E-05
4.4463E-03	-6.3850E-08	2.2791E-05
4.4875E-03	-6.9354E-08	2.3824E-05
4.5290E-03	-7.5303E-08	2.4899E-05
4.5709E-03	-8.1731E-08	2.6017E-05
4.6132E-03	-8.8675E-08	2.7180E-05
4.6559E-03	-9.6172E-08	2.8390E-05
4.6989E-03	-1.0426E-07	2.9648E-05
4.7424E-03	-1.1299E-07	3.0955E-05
4.7863E-03	-1.2241E-07	3.2313E-05
4.8306E-03	-1.3256E-07	3.3724E-05
4.8753E-03	-1.4350E-07	3.5191E-05
4.9204E-03	-1.5529E-07	3.6714E-05
4.9659E-03	-1.6798E-07	3.8295E-05
5.0119E-03	-1.8164E-07	3.9937E-05
5.0582E-03	-1.9634E-07	4.1641E-05
5.1050E-03	-2.1216E-07	4.3410E-05
5.1523E-03	-2.2917E-07	4.5245E-05
5.2000E-03	-2.4745E-07	4.7149E-05
5.2481E-03	-2.6709E-07	4.9124E-05
5.2966E-03	-2.8820E-07	5.1172E-05
5.3456E-03	-3.1086E-07	5.3295E-05
5.3951E-03	-3.3518E-07	5.5497E-05
5.4450E-03	-3.6128E-07	5.7778E-05
5.4954E-03	-3.8928E-07	6.0142E-05
5.5463E-03	-4.1930E-07	6.2592E-05
5.5976E-03	-4.5148E-07	6.5129E-05
5.6494E-03	-4.8596E-07	6.7757E-05
5.7016E-03	-5.2290E-07	7.0479E-05
5.7544E-03	-5.6245E-07	7.3296E-05
5.8076E-03	-6.0478E-07	7.6212E-05
5.8614E-03	-6.5009E-07	7.9230E-05
5.9156E-03	-6.9855E-07	8.2353E-05
5.9704E-03	-7.5037E-07	8.5584E-05
6.0256E-03	-8.0577E-07	8.8926E-05
6.0814E-03	-8.6497E-07	9.2383E-05
6.1376E-03	-9.2821E-07	9.5957E-05
6.1944E-03	-9.9575E-07	9.9651E-05
6.2517E-03	-1.0678E-06	1.0347E-04
6.3096E-03	-1.1448E-06	1.0742E-04
6.3680E-03	-1.2269E-06	1.1150E-04
6.4269E-03	-1.3144E-06	1.1571E-04
6.4863E-03	-1.4078E-06	1.2006E-04
6.5464E-03	-1.5073E-06	1.2456E-04
6.6069E-03	-1.6133E-06	1.2920E-04
6.6681E-03	-1.7262E-06	1.3399E-04
6.7298E-03	-1.8464E-06	1.3893E-04
6.7920E-03	-1.9743E-06	1.4404E-04
6.8549E-03	-2.1105E-06	1.4930E-04
6.9183E-03	-2.2554E-06	1.5474E-04
6.9823E-03	-2.4094E-06	1.6034E-04
7.0469E-03	-2.5732E-06	1.6612E-04
7.1121E-03	-2.7472E-06	1.7208E-04
7.1779E-03	-2.9322E-06	1.7823E-04
7.2444E-03	-3.1286E-06	1.8456E-04
7.3114E-03	-3.3371E-06	1.9109E-04
7.3790E-03	-3.5585E-06	1.9782E-04
7.4473E-03	-3.7934E-06	2.0475E-04
7.5162E-03	-4.0425E-06	2.1189E-04
7.5858E-03	-4.3068E-06	2.1925E-04
7.6560E-03	-4.5869E-06	2.2682E-04
7.7268E-03	-4.8838E-06	2.3462E-04
7.7983E-03	-5.1984E-06	2.4265E-04
7.8705E-03	-5.5317E-06	2.5091E-04
7.9433E-03	-5.8845E-06	2.5942E-04
8.0168E-03	-6.2581E-06	2.6817E-04
8.0910E-03	-6.6534E-06	2.7717E-04
8.1658E-03	-7.0716E-06	2.8644E-04
8.2414E-03	-7.5139E-06	2.9596E-04
8.3176E-03	-7.9816E-06	3.0576E-04
8.3946E-03	-8.4760E-06	3.1583E-04
8.4723E-03	-8.9984E-06	3.2618E-04
8.5507E-03	-9.5503E-06	3.3682E-04
8.6298E-03	-1.0133E-05	3.4776E-04
8.7096E-03	-1.0749E-05	3.5900E-04
8.7902E-03	-1.1398E-05	3.7054E-04
8.8716E-03	-1.2084E-05	3.8240E-04
8.9536E-03	-1.2807E-05	3.9458E-04
9.0365E-03	-1.3569E-05	4.0709E-04
9.1201E-03	-1.4374E-05	4.1993E-04
9.2045E-03	-1.5221E-05	4.3311E-04
9.2897E-03	-1.6114E-05	4.4665E-04
9.3756E-03	-1.7055E-05	4.6053E-04
9.4624E-03	-1.8046E-05	4.7478E-04
9.5499E-03	-1.9089E-05	4.8940E-04
9.6383E-03	-2.0187E-05	5.0440E-04
9.7275E-03	-2.1343E-05	5.1978E-04
9.8175E-03	-2.2559E-05	5.3555E-04
9.9083E-03	-2.3837E-05	5.5173E-04
1.0000E-02	-2.5182E-05	5.6831E-04
1.1984E-02	-7.0240E-05	9.8853E-04
1.3968E-02	-1.5542E-04	1.5168E-03
1.5952E-02	-2.9389E-04	2.1364E-03
1.7936E-02	-4.9663E-04	2.8294E-03
1.9920E-02	-7.7181E-04	3.5784E-03
2.1904E-02	-1.1247E-03	4.3671E-03
2.3888E-02	-1.5579E-03	5.1813E-03
2.5872E-02	-2.0715E-03	6.0081E-03
2.7856E-02	-2.6637E-03	6.8366E-03
2.9840E-02	-3.3311E-03	7.6574E-03
3.1824E-02	-4.0691E-03	8.4622E-03
3.3808E-02	-4.8721E-03	9.2442E-03
3.5792E-02	-5.7339E-03	9.9976E-03
3.7776E-02	-6.6478E-03	1.0717E-02
3.9760E-02	-7.6070E-03	1.1399E-02
4.1743E-02	-8.6045E-03	1.2039E-02
4.3727E-02	-9.6334E-03	1.2635E-02
4.5711E-02	-1.0687E-02	1.3184E-02
4.7695E-02	-1.1759E-02	1.3685E-02
4.9679E-02	-1.2843E-02	1.4135E-02
5.1663E-02	-1.3933E-02	1.4534E-02
5.3647E-02	-1.5023E-02	1.4880E-02
5.5631E-02	-1.6108E-02	1.5174E-02
5.7615E-02	-1.7184E-02	1.5416E-02
5.9599E-02	-1.8246E-02	1.5604E-02
6.1583E-02	-1.9290E-02	1.5741E-02
6.3567E-02	-2.0311E-02	1.5826E-02
6.5551E-02	-2.1308E-02	1.5861E-02
6.7535E-02	-2.2275E-02	1.5847E-02
6.9519E-02	-2.3212E-02	1.5784E-02
7.1503E-02	-2.4115E-02	1.5676E-02
7.3487E-02	-2.4982E-02	1.5523E-02
7.5471E-02	-2.5812E-02	1.5327E-02
7.7455E-02	-2.6602E-02	1.5090E-02
7.9439E-02	-2.7352E-02	1.4815E-02
8.1423E-02	-2.8061E-02	1.4503E-02
8.3407E-02	-2.8726E-02	1.4158E-02
8.5391E-02	-2.9349E-02	1.3782E-02
8.7375E-02	-2.9927E-02	1.3377E-02
8.9359E-02	-3.0462E-02	1.2946E-02
9.1343E-02	-3.0952E-02	1.2492E-02
9.3327E-02	-3.1398E-02	1.2017E-02
9.5311E-02	-3.1800E-02	1.1525E-02
9.7295E-02	-3.2157E-02	1.1018E-02
9.9279E-02	-3.2471E-02	1.0500E-02
1.0126E-01	-3.2741E-02	9.9738E-03
1.0325E-01	-3.2969E-02	9.4425E-03
1.0523E-01	-3.3154E-02	8.9097E-03
1.0721E-01	-3.3298E-02	8.3788E-03
1.0920E-01	-3.3401E-02	7.8536E-03
1.1118E-01	-3.3464E-02	7.3383E-03
1.1317E-01	-3.3488E-02	6.8372E-03
1.1515E-01	-3.3474E-02	6.3551E-03
1.1713E-01	-3.3422E-02	5.8975E-03
1.1912E-01	-3.3334E-02	5.4702E-03
1.2110E-01	-3.3211E-02	5.0799E-03
1.2309E-01	-3.3054E-02	4.7334E-03
1.2507E-01	-3.2863E-02	4.4381E-03
1.2705E-01	-3.2640E-02	4.2006E-03
1.2904E-01	-3.2386E-02	4.0262E-03
1.3102E-01	-3.2101E-02	3.9174E-03
1.3301E-01	-3.1788E-02	3.8736E-03
1.3499E-01	-3.1447E-02	3.8902E-03
1.3697E-01	-3.1080E-02	3.9596E-03
1.3896E-01	-3.0686E-02	4.0725E-03
1.4094E-01	-3.0269E-02	4.2186E-03
1.4293E-01	-2.9827E-02	4.3884E-03
1.4491E-01	-2.9364E-02	4.5733E-03
1.4689E-01	-2.8879E-02	4.7662E-03
1.4888E-01	-2.8374E-02	4.9609E-03
1.5086E-01	-2.7849E-02	5.1527E-03
1.5285E-01	-2.7307E-02	5.3377E-03
1.5483E-01	-2.6747E-02	5.5130E-03
1.5681E-01	-2.6171E-02	5.6762E-03
1.5880E-01	-2.5580E-02	5.8254E-03
1.6078E-01	-2.4975E-02	5.9594E-03
1.6277E-01	-2.4357E-02	6.0771E-03
1.6475E-01	-2.3726E-02	6.1777E-03
1.6673E-01	-2.3084E-02	6.2608E-03
1.6872E-01	-2.2432E-02	6.3261E-03
1.7070E-01	-2.1770E-02	6.3735E-03
1.7269E-01	-2.1099E-02	6.4030E-03
1.7467E-01	-2.0421E-02	6.4147E-03
1.7665E-01	-1.9735E-02	6.4090E-03
1.7864E-01	-1.9043E-02	6.3861E-03
1.8062E-01	-1.8345E-02	6.3464E-03
1.8261E-01	-1.7643E-02	6.2905E-03
1.8459E-01	-1.6937E-02	6.2189E-03
1.8657E-01	-1.6227E-02	6.1322E-03
1.8856E-01	-1.5515E-02	6.0310E-03
1.9054E-01	-1.4801E-02	5.9159E-03
1.9253E-01	-1.4086E-02	5.7876E-03
1.9451E-01	-1.3370E-02	5.6470E-03
1.9649E-01	-1.2654E-02	5.4946E-03
1.9848E-01	-1.1938E-02	5.3313E-03
2.0046E-01	-1.1224E-02	5.1578E-03
2.0244E-01	-1.0511E-02	4.9749E-03
2.0443E-01	-9.8007E-03	4.7833E-03
2.0641E-01	-9.0930E-03	4.5839E-03
2.0840E-01	-8.3886E-03	4.3774E-03
2.1038E-01	-7.6879E-03	4.1645E-03
2.1236E-01	-6.9914E-03	3.9461E-03
2.1435E-01	-6.2996E-03	3.7229E-03
2.1633E-01	-5.6128E-03	3.4957E-03
2.1832E-01	-4.9315E-03	3.2653E-03
2.2030E-01	-4.2560E-03	3.0324E-03
2.2228E-01	-3.5868E-03	2.7978E-03
2.2427E-01	-2.9242E-03	2.5623E-03
2.2625E-01	-2.2685E-03	2.3267E-03
2.2824E-01	-1.6201E-03	2.0919E-03
2.3022E-01	-9.7928E-04	1.8589E-03
2.3220E-01	-3.4635E-04	1.6288E-03
2.3419E-01	2.7843E-04	1.4032E-03
2.3617E-01	8.9477E-04	1.1841E-03
2.3816E-01	1.5024E-03	9.7516E-04
2.4014E-01	2.1012E-03	7.8246E-04
2.4212E-01	2.6907E-03	6.1831E-04
2.4411E-01	3.2710E-03	5.0653E-04
2.4609E-01	3.8416E-03	4.7936E-04
2.4808E-01	4.4025E-03	5.4416E-04
2.5006E-01	4.9535E-03	6.7020E-04
2.5204E-01	5.4944E-03	8.2593E-04
2.5403E-01	6.0251E-03	9.9397E-04
2.5601E-01	6.5454E-03	1.1658E-03
2.5800E-01	7.0551E-03	1.3373E-03
2.5998E-01	7.5543E-03	1.5058E-03
2.6196E-01	8.0427E-03	1.6701E-03
2.6395E-01	8.5204E-03	1.8292E-03
2.6593E-01	8.9871E-03	1.9824E-03
2.6792E-01	9.4428E-03	2.1292E-03
2.6990E-01	9.8875E-03	2.2694E-03
2.7188E-01	1.0321E-02	2.4026E-03
2.7387E-01	1.0744E-02	2.5288E-03
2.7585E-01	1.1155E-02	2.6476E-03
2.7784E-01	1.1555E-02	2.7590E-03
2.7982E-01	1.1944E-02	2.8629E-03
2.8180E-01	1.2321E-02	2.9593E-03
2.8379E-01	1.2688E-02	3.0482E-03
2.8577E-01	1.3043E-02	3.1295E-03
2.8776E-01	1.3386E-02	3.2033E-03
2.8974E-01	1.3719E-02	3.2696E-03
2.9172E-01	1.4040E-02	3.3285E-03
2.9371E-01	1.4351E-02	3.3800E-03
2.9569E-01	1.4650E-02	3.4243E-03
2.9768E-01	1.4938E-02	3.4615E-03
2.9966E-01	1.5215E-02	3.4917E-03
3.0164E-01	1.5481E-02	3.5150E-03
3.0363E-01	1.5736E-02	3.5317E-03
3.0561E-01	1.5980E-02	3.5418E-03
3.0760E-01	1.6214E-02	3.5456E-03
3.0958E-01	1.6436E-02	3.5432E-03
3.1156E-01	1.6649E-02	3.5350E-03
3.1355E-01	1.6850E-02	3.5210E-03
3.1553E-01	1.7041E-02	3.5017E-03
3.1752E-01	1.7222E-02	3.4771E-03
3.1950E-01	1.7393E-02	3.4477E-03
3.2148E-01	1.7553E-02	3.4136E-03
3.2347E-01	1.7704E-02	3.3752E-03
3.2545E-01	1.7845E-02	3.3328E-03
3.2743E-01	1.7975E-02	3.2868E-03
3.2942E-01	1.8097E-02	3.2374E-03
3.3140E-01	1.8208E-02	3.1851E-03
3.3339E-01	1.8310E-02	3.1302E-03
3.3537E-01	1.8403E-02	3.0732E-03
3.3735E-01	1.8487E-02	3.0145E-03
3.3934E-01	1.8562E-02	2.9545E-03
3.4132E-01	1.8628E-02	2.8937E-03
3.4331E-01	1.8685E-02	2.8327E-03
3.4529E-01	1.8733E-02	2.7719E-03
3.4727E-01	1.8773E-02	2.7119E-03
3.4926E-01	1.8805E-02	2.6532E-03
3.5124E-01	1.8828E-02	2.5965E-03
3.5323E-01	1.8844E-02	2.5424E-03
3.5521E-01	1.8851E-02	2.4915E-03
3.5719E-01	1.8851E-02	2.4445E-03
3.5918E-01	1.8843E-02	2.4019E-03
3.6116E-01	1.8828E-02	2.3644E-03
3.6315E-01	1.8806E-02	2.3325E-03
3.6513E-01	1.8777E-02	2.3067E-03
3.6711E-01	1.8740E-02	2.2876E-03
3.6910E-01	1.8697E-02	2.2755E-03
3.7108E-01	1.8647E-02	2.2706E-03
3.7307E-01	1.8591E-02	2.2730E-03
3.7505E-01	1.8528E-02	2.2830E-03
3.7703E-01	1.8459E-02	2.3003E-03
3.7902E-01	1.8384E-02	2.3247E-03
3.8100E-01	1.8304E-02	2.3561E-03
3.8299E-01	1.8217E-02	2.3941E-03
3.8497E-01	1.8126E-02	2.4381E-03
3.8695E-01	1.8028E-02	2.4878E-03
3.8894E-01	1.7926E-02	2.5426E-03
3.9092E-01	1.7818E-02	2.6020E-03
3.9291E-01	1.7706E-02	2.6654E-03
3.9489E-01	1.7589E-02	2.7324E-03
3.9687E-01	1.7467E-02	2.8024E-03
3.9886E-01	1.7341E-02	2.8750E-03
4.0084E-01	1.7211E-02	2.9496E-03
4.0283E-01	1.7076E-02	3.0258E-03
4.0481E-01	1.6938E-02	3.1032E-03
4.0679E-01	1.6796E-02	3.1815E-03
4.0878E-01	1.6650E-02	3.2603E-03
4.1076E-01	1.6500E-02	3.3392E-03
4.1275E-01	1.6348E-02	3.4180E-03
4.1473E-01	1.6192E-02	3.4964E-03
4.1671E-01	1.6033E-02	3.5741E-03
4.1870E-01	1.5871E-02	3.6509E-03
4.2068E-01	1.5706E-02	3.7265E-03
4.2267E-01	1.5539E-02	3.8009E-03
4.2465E-01	1.5369E-02	3.8738E-03
4.2663E-01	1.5197E-02	3.9450E-03
4.2862E-01	1.5022E-02	4.0145E-03
4.3060E-01	1.4846E-02	4.0820E-03
4.3259E-01	1.4667E-02	4.1475E-03
4.3457E-01	1.4487E-02	4.2108E-03
4.3655E-01	1.4305E-02	4.2719E-03
4.3854E-01	1.4122E-02	4.3306E-03
4.4052E-01	1.3937E-02	4.3870E-03
4.4251E-01	1.3751E-02	4.4408E-03
4.4449E-01	1.3563E-02	4.4922E-03
4.4647E-01	1.3375E-02	4.5409E-03
4.4846E-01	1.3185E-02	4.5870E-03
4.5044E-01	1.2995E-02	4.6305E-03
4.5242E-01	1.2804E-02	4.6712E-03
4.5441E-01	1.2613E-02	4.7092E-03
4.5639E-01	1.2421E-02	4.7445E-03
4.5838E-01	1.2229E-02	4.7771E-03
4.6036E-01	1.2036E-02	4.8069E-03
4.6234E-01	1.1843E-02	4.8340E-03
4.6433E-01	1.1651E-02	4.8583E-03
4.6631E-01	1.1458E-02	4.8798E-03
4.6830E-01	1.1265E-02	4.8987E-03
4.7028E-01	1.1073E-02	4.9148E-03
4.7226E-01	1.0881E-02	4.9283E-03
4.7425E-01	1.0689E-02	4.9391E-03
4.7623E-01	1.0498E-02	4.9473E-03
4.7822E-01	1.0308E-02	4.9528E-03
4.8020E-01	1.0118E-02	4.9558E-03
4.8218E-01	9.9290E-03	4.9563E-03
4.8417E-01	9.7408E-03	4.9543E-03
4.8615E-01	9.5536E-03	4.9498E-03
4.8814E-01	9.3673E-03	4.9429E-03
4.9012E-01	9.1821E-03	4.9337E-03
4.9210E-01	8.9981E-03	4.9222E-03
4.9409E-01	8.8153E-03	4.9084E-03
4.9607E-01	8.6337E-03	4.8924E-03
4.9806E-01	8.4535E-03	4.8743E-03
5.0004E-01	8.2748E-03	4.8541E-03
5.0202E-01	8.0974E-03	4.8318E-03
5.0401E-01	7.9216E-03	4.8076E-03
5.0599E-01	7.7474E-03	4.7814E-03
5.0798E-01	7.5748E-03	4.7534E-03
5.0996E-01	7.4039E-03	4.7236E-03
5.1194E-01	7.2347E-03	4.6920E-03
5.1393E-01	7.0674E-03	4.6588E-03
5.1591E-01	6.9018E-03	4.6239E-03
5.1790E-01	6.7381E-03	4.5875E-03
5.1988E-01	6.5763E-03	4.5496E-03
5.2186E-01	6.4164E-03	4.5102E-03
5.2385E-01	6.2585E-03	4.4695E-03
5.2583E-01	6.1026E-03	4.4275E-03
5.2782E-01	5.9488E-03	4.3842E-03
5.2980E-01	5.7970E-03	4.3397E-03
5.3178E-01	5.6474E-03	4.2941E-03
5.3377E-01	5.4998E-03	4.2475E-03
5.3575E-01	5.3544E-03	4.1998E-03
5.3774E-01	5.2112E-03	4.1512E-03
5.3972E-01	5.0702E-03	4.1017E-03
5.4170E-01	4.9313E-03	4.0514E-03
5.4369E-01	4.7947E-03	4.0003E-03
5.4567E-01	4.6604E-03	3.9484E-03
5.4766E-01	4.5283E-03	3.8960E-03
5.4964E-01	4.3984E-03	3.8429E-03
5.5162E-01	4.2708E-03	3.7892E-03
5.5361E-01	4.1455E-03	3.7351E-03
5.5559E-01	4.0225E-03	3.6805E-03
5.5758E-01	3.9018E-03	3.6255E-03
5.5956E-01	3.7833E-03	3.5701E-03
5.6154E-01	3.6671E-03	3.5145E-03
5.6353E-01	3.5533E-03	3.4585E-03
5.6551E-01	3.4417E-03	3.4024E-03
5.6749E-01	3.3324E-03	3.3461E-03
5.6948E-01	3.2253E-03	3.2897E-03
5.7146E-01	3.1206E-03	3.2332E-03
5.7345E-01	3.0181E-03	3.1767E-03
5.7543E-01	2.9178E-03	3.1201E-03
5.7741E-01	2.8198E-03	3.0636E-03
5.7940E-01	2.7240E-03	3.0072E-03
5.8138E-01	2.6305E-03	2.9509E-03
5.8337E-01	2.5391E-03	2.8947E-03
5.8535E-01	2.4499E-03	2.8387E-03
5.8733E-01	2.3629E-03	2.7829E-03
5.8932E-01	2.2780E-03	2.7274E-03
5.9130E-01	2.1953E-03	2.6721E-03
5.9329E-01	2.1147E-03	2.6172E-03
5.9527E-01	2.0362E-03	2.5625E-03
5.9725E-01	1.9597E-03	2.5082E-03
5.9924E-01	1.8853E-03	2.4543E-03
6.0122E-01	1.8129E-03	2.4008E-03
6.0321E-01	1.7425E-03	2.3477E-03
6.0519E-01	1.6741E-03	2.2951E-03
6.0717E-01	1.6076E-03	2.2429E-03
6.0916E-01	1.5431E-03	2.1913E-03
6.1114E-01	1.4804E-03	2.1401E-03
6.1313E-01	1.4196E-03	2.0894E-03
6.1511E-01	1.3607E-03	2.0393E-03
6.1709E-01	1.3035E-03	1.9898E-03
6.1908E-01	1.2482E-03	1.9408E-03
6.2106E-01	1.1946E-03	1.8924E-03
6.2305E-01	1.1427E-03	1.8446E-03
6.2503E-01	1.0925E-03	1.7974E-03
6.2701E-01	1.0439E-03	1.7509E-03
6.2900E-01	9.9702E-04	1.7050E-03
6.3098E-01	9.5170E-04	1.6597E-03
6.3297E-01	9.0795E-04	1.6150E-03
6.3495E-01	8.6573E-04	1.5710E-03
6.3693E-01	8.2501E-04	1.5277E-03
6.3892E-01	7.8576E-04	1.4851E-03
6.4090E-01	7.4794E-04	1.4431E-03
6.4289E-01	7.1153E-04	1.4018E-03
6.4487E-01	6.7649E-04	1.3613E-03
6.4685E-01	6.4278E-04	1.3214E-03
6.4884E-01	6.1038E-04	1.2822E-03
6.5082E-01	5.7925E-04	1.2436E-03
6.5281E-01	5.4937E-04	1.2058E-03
6.5479E-01	5.2069E-04	1.1687E-03
6.5677E-01	4.9318E-04	1.1323E-03
6.5876E-01	4.6682E-04	1.0966E-03
6.6074E-01	4.4158E-04	1.0616E-03
6.6273E-01	4.1741E-04	1.0273E-03
6.6471E-01	3.9429E-04	9.9375E-04
6.6669E-01	3.7219E-04	9.6086E-04
6.6868E-01	3.5108E-04	9.2867E-04
6.7066E-01	3.3092E-04	8.9717E-04
6.7265E-01	3.1169E-04	8.6637E-04
6.7463E-01	2.9336E-04	8.3626E-04
6.7661E-01	2.7589E-04	8.0684E-04
6.7860E-01	2.5926E-04	7.7810E-04
6.8058E-01	2.4344E-04	7.5005E-04
6.8257E-01	2.2841E-04	7.2266E-04
6.8455E-01	2.1412E-04	6.9595E-04
6.8653E-01	2.0056E-04	6.6990E-04
6.8852E-01	1.8770E-04	6.4452E-04
6.9050E-01	1.7551E-04	6.1979E-04
6.9248E-01	1.6397E-04	5.9570E-04
6.9447E-01	1.5306E-04	5.7226E-04
6.9645E-01	1.4273E-04	5.4945E-04
6.9844E-01	1.3298E-04	5.2728E-04
7.0042E-01	1.2378E-04	5.0572E-04
7.0240E-01	1.1511E-04	4.8478E-04
7.0439E-01	1.0694E-04	4.6445E-04
7.0637E-01	9.9244E-05	4.4472E-04
7.0836E-01	9.2011E-05	4.2557E-04
7.1034E-01	8.5217E-05	4.0701E-04
7.1232E-01	7.8841E-05	3.8903E-04
7.1431E-01	7.2863E-05	3.7161E-04
7.1629E-01	6.7264E-05	3.5475E-04
7.1828E-01	6.2026E-05	3.3844E-04
7.2026E-01	5.7129E-05	3.2267E-04
7.2224E-01	5.2558E-05	3.0744E-04
7.2423E-01	4.8295E-05	2.9272E-04
7.2621E-01	4.4323E-05	2.7852E-04
7.2820E-01	4.0627E-05	2.6482E-04
7.3018E-01	3.7192E-05	2.5161E-04
7.3216E-01	3.4004E-05	2.3889E-04
7.3415E-01	3.1047E-05	2.2664E-04
7.3613E-01	2.8309E-05	2.1485E-04
7.3812E-01	2.5777E-05	2.0352E-04
7.4010E-01	2.3438E-05	1.9264E-04
7.4208E-01	2.1281E-05	1.8219E-04
7.4407E-01	1.9293E-05	1.7216E-04
7.4605E-01	1.7465E-05	1.6255E-04
7.4804E-01	1.5785E-05	1.5334E-04
7.5002E-01	1.4245E-05	1.4452E-04
7.5200E-01	1.2834E-05	1.3609E-04
7.5399E-01	1.1543E-05	1.2803E-04
7.5597E-01	1.0365E-05	1.2034E-04
7.5796E-01	9.2909E-06	1.1300E-04
7.5994E-01	8.3132E-06	1.0600E-04
7.6192E-01	7.4250E-06	9.9332E-05
7.6391E-01	6.6192E-06	9.2988E-05
7.6589E-01	5.8896E-06	8.6957E-05
7.6788E-01	5.2302E-06	8.1229E-05
7.6986E-01	4.6353E-06	7.5793E-05
7.7184E-01	4.0996E-06	7.0641E-05
7.7383E-01	3.6182E-06	6.5762E-05
7.7581E-01	3.1863E-06	6.1146E-05
7.7780E-01	2.7998E-06	5.6784E-05
7.7978E-01	2.4546E-06	5.2667E-05
7.8176E-01	2.1469E-06	4.8785E-05
7.8375E-01	1.8733E-06	4.5130E-05
7.8573E-01	1.6305E-06	4.1691E-05
7.8772E-01	1.4155E-06	3.8460E-05
7.8970E-01	1.2257E-06	3.5429E-05
7.9168E-01	1.0586E-06	3.2589E-05
7.9367E-01	9.1166E-07	2.9930E-05
7.9565E-01	7.8292E-07	2.7446E-05
7.9764E-01	6.7040E-07	2.5128E-05
7.9962E-01	5.7234E-07	2.2967E-05
8.0160E-01	4.8711E-07	2.0957E-05
8.0359E-01	4.1326E-07	1.9089E-05
8.0557E-01	3.4946E-07	1.7357E-05
8.0756E-01	2.9451E-07	1.5752E-05
8.0954E-01	2.4734E-07	1.4269E-05
8.1152E-01	2.0698E-07	1.2900E-05
8.1351E-01	1.7257E-07	1.1639E-05
8.1549E-01	1.4333E-07	1.0479E-05
8.1747E-01	1.1858E-07	9.4146E-06
8.1946E-01	9.7700E-08	8.4394E-06
8.2144E-01	8.0162E-08	7.5479E-06
8.2343E-01	6.5488E-08	6.7347E-06
8.2541E-01	5.3261E-08	5.9944E-06
8.2739E-01	4.3116E-08	5.3220E-06
8.2938E-01	3.4737E-08	4.7127E-06
8.3136E-01	2.7848E-08	4.1619E-06
8.3335E-01	2.2211E-08	3.6653E-06
8.3533E-01	1.7621E-08	3.2186E-06
8.3731E-01	1.3902E-08	2.8178E-06
8.3930E-01	1.0906E-08	2.4594E-06
8.4128E-01	8.5056E-09	2.1396E-06
8.4327E-01	6.5926E-09	1.8552E-06
8.4525E-01	5.0774E-09	1.6031E-06
8.4723E-01	3.8847E-09	1.3803E-06
8.4922E-01	2.9518E-09	1.1840E-06
8.5120E-01	2.2270E-09	1.0117E-06
8.5319E-01	1.6677E-09	8.6105E-07
8.5517E-01	1.2392E-09	7.2974E-07
8.5715E-01	9.1348E-10	6.1577E-07
8.5914E-01	6.6773E-10	5.1725E-07
8.6112E-01	4.8385E-10	4.3245E-07
8.6311E-01	3.4742E-10	3.5977E-07
8.6509E-01	2.4710E-10	2.9778E-07
8.6707E-01	1.7401E-10	2.4515E-07
8.6906E-01	1.2128E-10	2.0069E-07
8.7104E-01	8.3612E-11	1.6334E-07
8.7303E-01	5.6993E-11	1.3213E-07
8.7501E-01	3.8390E-11	1.0620E-07
8.7699E-01	2.5539E-11	8.4788E-08
8.7898E-01	1.6769E-11	6.7219E-08
8.8096E-01	1.0861E-11	5.2899E-08
8.8295E-01	6.9337E-12	4.1308E-08
8.8493E-01	4.3600E-12	3.1996E-08
8.8691E-01	2.6984E-12	2.4572E-08
8.8890E-01	1.6422E-12	1.8701E-08
8.9088E-01	9.8196E-13	1.4099E-08
8.9287E-01	5.7630E-13	1.0523E-08
8.9485E-01	3.3163E-13	7.7719E-09
8.9683E-01	1.8691E-13	5.6762E-09
8.9882E-01	1.0304E-13	4.0970E-09
9.0080E-01	5.5500E-14	2.9204E-09
9.0279E-01	2.9161E-14	2.0543E-09
9.0477E-01	1.4924E-14	1.4248E-09
9.0675E-01	7.4277E-15	9.7357E-10
9.0874E-01	3.5883E-15	6.5474E-10
9.1072E-01	1.6793E-15	4.3291E-10
9.1271E-01	7.5977E-16	2.8110E-10
9.1469E-01	3.3151E-16	1.7903E-10
9.1667E-01	1.3914E-16	1.1169E-10
9.1866E-01	5.6021E-17	6.8145E-11
9.2064E-01	2.1569E-17	4.0598E-11
9.2263E-01	7.9145E-18	2.3574E-11
9.2461E-01	2.7573E-18	1.3315E-11
9.2659E-01	9.0819E-19	7.2996E-12
9.2858E-01	2.8152E-19	3.8744E-12
9.3056E-01	8.1703E-20	1.9855E-12
9.3255E-01	2.2072E-20	9.7944E-13
9.3453E-01	5.5146E-21	4.6349E-13
9.3651E-01	1.2650E-21	2.0959E-13
9.3850E-01	2.6424E-22	9.0178E-14
9.4048E-01	4.9797E-23	3.6735E-14
9.4246E-01	8.3772E-24	1.4089E-14
9.4445E-01	1.2429E-24	5.0547E-15
9.4643E-01	1.6038E-25	1.6841E-15
9.4842E-01	1.7714E-26	5.1669E-16
9.5040E-01	1.6439E-27	1.4454E-16
9.5238E-01	1.2542E-28	3.6450E-17
9.5437E-01	7.6702E-30	8.1756E-18
9.5635E-01	3.6484E-31	1.6054E-18
9.5834E-01	1.3024E-32	2.7080E-19
9.6032E-01	3.3428E-34	3.8366E-20
9.6230E-01	5.8566E-36	4.4420E-21
9.6429E-01	6.5737E-38	4.0645E-22
9.6627E-01	4.3712E-40	2.8206E-23
9.6826E-01	1.5614E-42	1.4098E-24
9.7024E-01	2.6468E-45	4.7550E-26
9.7222E-01	1.8159E-48	9.9516E-28
9.7421E-01	4.0942E-52	1.1582E-29
9.7619E-01	2.2985E-56	6.4782E-32
9.7818E-01	2.2011E-61	1.4271E-34
9.8016E-01	2.1174E-67	9.3731E-38
9.8214E-01	9.5268E-75	1.2281E-41
9.8413E-01	6.3709E-84	1.7573E-46
9.8611E-01	1.0459E-95	1.0664E-52
9.8810E-01	2.0981E-111	5.6760E-61
9.9008E-01	2.3255E-133	1.5570E-72
9.9206E-01	2.9234E-166	7.6242E-90
9.9405E-01	4.8504E-221	1.2207E-118
9.9603E-01	0.0000E+00	0.0000E+00
9.9802E-01	0.0000E+00	0.0000E+00
1.0000E+00	0.0000E+00	0.0000E+00
