x	s-sbar	delta
1.0000E-04	-1.0435E-01	1.9477E-01
1.0093E-04	-1.0393E-01	1.9396E-01
1.0186E-04	-1.0350E-01	1.9315E-01
1.0280E-04	-1.0308E-01	1.9234E-01
1.0375E-04	-1.0266E-01	1.9154E-01
1.0471E-04	-1.0224E-01	1.9074E-01
1.0568E-04	-1.0182E-01	1.8994E-01
1.0666E-04	-1.0140E-01	1.8915E-01
1.0765E-04	-1.0099E-01	1.8836E-01
1.0864E-04	-1.0058E-01	1.8757E-01
1.0965E-04	-1.0016E-01	1.8679E-01
1.1066E-04	-9.9755E-02	1.8601E-01
1.1169E-04	-9.9347E-02	1.8523E-01
1.1272E-04	-9.8941E-02	1.8446E-01
1.1376E-04	-9.8536E-02	1.8369E-01
1.1482E-04	-9.8133E-02	1.8292E-01
1.1588E-04	-9.7732E-02	1.8216E-01
1.1695E-04	-9.7332E-02	1.8140E-01
1.1803E-04	-9.6934E-02	1.8064E-01
1.1912E-04	-9.6538E-02	1.7988E-01
1.2023E-04	-9.6143E-02	1.7913E-01
1.2134E-04	-9.5750E-02	1.7838E-01
1.2246E-04	-9.5359E-02	1.7764E-01
1.2359E-04	-9.4969E-02	1.7690E-01
1.2474E-04	-9.4581E-02	1.7616E-01
1.2589E-04	-9.4194E-02	1.7542E-01
1.2706E-04	-9.3809E-02	1.7469E-01
1.2823E-04	-9.3425E-02	1.7396E-01
1.2942E-04	-9.3043E-02	1.7324E-01
1.3062E-04	-9.2663E-02	1.7251E-01
1.3183E-04	-9.2284E-02	1.7179E-01
1.3305E-04	-9.1907E-02	1.7108E-01
1.3428E-04	-9.1531E-02	1.7036E-01
1.3552E-04	-9.1157E-02	1.6965E-01
1.3677E-04	-9.0784E-02	1.6894E-01
1.3804E-04	-9.0413E-02	1.6824E-01
1.3932E-04	-9.0044E-02	1.6754E-01
1.4060E-04	-8.9675E-02	1.6684E-01
1.4191E-04	-8.9309E-02	1.6614E-01
1.4322E-04	-8.8944E-02	1.6545E-01
1.4454E-04	-8.8580E-02	1.6476E-01
1.4588E-04	-8.8218E-02	1.6407E-01
1.4723E-04	-8.7858E-02	1.6339E-01
1.4859E-04	-8.7498E-02	1.6270E-01
1.4997E-04	-8.7141E-02	1.6203E-01
1.5136E-04	-8.6785E-02	1.6135E-01
1.5276E-04	-8.6430E-02	1.6068E-01
1.5417E-04	-8.6077E-02	1.6001E-01
1.5560E-04	-8.5725E-02	1.5934E-01
1.5704E-04	-8.5374E-02	1.5867E-01
1.5849E-04	-8.5025E-02	1.5801E-01
1.5996E-04	-8.4678E-02	1.5735E-01
1.6144E-04	-8.4332E-02	1.5670E-01
1.6293E-04	-8.3987E-02	1.5604E-01
1.6444E-04	-8.3644E-02	1.5539E-01
1.6596E-04	-8.3302E-02	1.5475E-01
1.6749E-04	-8.2962E-02	1.5410E-01
1.6904E-04	-8.2622E-02	1.5346E-01
1.7061E-04	-8.2285E-02	1.5282E-01
1.7219E-04	-8.1948E-02	1.5218E-01
1.7378E-04	-8.1614E-02	1.5155E-01
1.7539E-04	-8.1280E-02	1.5092E-01
1.7701E-04	-8.0948E-02	1.5029E-01
1.7865E-04	-8.0617E-02	1.4966E-01
1.8030E-04	-8.0288E-02	1.4904E-01
1.8197E-04	-7.9960E-02	1.4841E-01
1.8365E-04	-7.9633E-02	1.4780E-01
1.8535E-04	-7.9307E-02	1.4718E-01
1.8707E-04	-7.8983E-02	1.4657E-01
1.8880E-04	-7.8661E-02	1.4596E-01
1.9055E-04	-7.8339E-02	1.4535E-01
1.9231E-04	-7.8019E-02	1.4474E-01
1.9409E-04	-7.7700E-02	1.4414E-01
1.9588E-04	-7.7383E-02	1.4354E-01
1.9770E-04	-7.7066E-02	1.4294E-01
1.9953E-04	-7.6752E-02	1.4235E-01
2.0137E-04	-7.6438E-02	1.4175E-01
2.0324E-04	-7.6126E-02	1.4116E-01
2.0512E-04	-7.5815E-02	1.4057E-01
2.0701E-04	-7.5505E-02	1.3999E-01
2.0893E-04	-7.5196E-02	1.3941E-01
2.1086E-04	-7.4889E-02	1.3882E-01
2.1281E-04	-7.4583E-02	1.3825E-01
2.1478E-04	-7.4278E-02	1.3767E-01
2.1677E-04	-7.3975E-02	1.3710E-01
2.1878E-04	-7.3673E-02	1.3653E-01
2.2080E-04	-7.3372E-02	1.3596E-01
2.2284E-04	-7.3072E-02	1.3539E-01
2.2491E-04	-7.2774E-02	1.3483E-01
2.2699E-04	-7.2476E-02	1.3427E-01
2.2909E-04	-7.2180E-02	1.3371E-01
2.3121E-04	-7.1885E-02	1.3315E-01
2.3335E-04	-7.1592E-02	1.3260E-01
2.3550E-04	-7.1299E-02	1.3204E-01
2.3768E-04	-7.1008E-02	1.3150E-01
2.3988E-04	-7.0718E-02	1.3095E-01
2.4210E-04	-7.0429E-02	1.3040E-01
2.4434E-04	-7.0141E-02	1.2986E-01
2.4660E-04	-6.9855E-02	1.2932E-01
2.4889E-04	-6.9569E-02	1.2878E-01
2.5119E-04	-6.9285E-02	1.2825E-01
2.5351E-04	-6.9002E-02	1.2771E-01
2.5586E-04	-6.8720E-02	1.2718E-01
2.5823E-04	-6.8440E-02	1.2665E-01
2.6062E-04	-6.8160E-02	1.2612E-01
2.6303E-04	-6.7882E-02	1.2560E-01
2.6546E-04	-6.7605E-02	1.2508E-01
2.6792E-04	-6.7329E-02	1.2456E-01
2.7040E-04	-6.7054E-02	1.2404E-01
2.7290E-04	-6.6780E-02	1.2352E-01
2.7542E-04	-6.6507E-02	1.2301E-01
2.7797E-04	-6.6235E-02	1.2250E-01
2.8054E-04	-6.5965E-02	1.2199E-01
2.8314E-04	-6.5695E-02	1.2148E-01
2.8576E-04	-6.5427E-02	1.2098E-01
2.8840E-04	-6.5160E-02	1.2047E-01
2.9107E-04	-6.4894E-02	1.1997E-01
2.9376E-04	-6.4629E-02	1.1947E-01
2.9648E-04	-6.4365E-02	1.1898E-01
2.9923E-04	-6.4102E-02	1.1848E-01
3.0200E-04	-6.3840E-02	1.1799E-01
3.0479E-04	-6.3580E-02	1.1750E-01
3.0761E-04	-6.3320E-02	1.1701E-01
3.1046E-04	-6.3062E-02	1.1652E-01
3.1333E-04	-6.2804E-02	1.1604E-01
3.1623E-04	-6.2548E-02	1.1556E-01
3.1915E-04	-6.2292E-02	1.1508E-01
3.2211E-04	-6.2038E-02	1.1460E-01
3.2509E-04	-6.1785E-02	1.1412E-01
3.2810E-04	-6.1532E-02	1.1365E-01
3.3113E-04	-6.1281E-02	1.1317E-01
3.3420E-04	-6.1031E-02	1.1270E-01
3.3729E-04	-6.0782E-02	1.1224E-01
3.4041E-04	-6.0534E-02	1.1177E-01
3.4356E-04	-6.0287E-02	1.1131E-01
3.4674E-04	-6.0041E-02	1.1084E-01
3.4995E-04	-5.9795E-02	1.1038E-01
3.5318E-04	-5.9551E-02	1.0992E-01
3.5645E-04	-5.9308E-02	1.0947E-01
3.5975E-04	-5.9066E-02	1.0901E-01
3.6308E-04	-5.8825E-02	1.0856E-01
3.6644E-04	-5.8585E-02	1.0811E-01
3.6983E-04	-5.8346E-02	1.0766E-01
3.7325E-04	-5.8108E-02	1.0721E-01
3.7670E-04	-5.7871E-02	1.0677E-01
3.8019E-04	-5.7634E-02	1.0632E-01
3.8371E-04	-5.7399E-02	1.0588E-01
3.8726E-04	-5.7165E-02	1.0544E-01
3.9084E-04	-5.6931E-02	1.0500E-01
3.9446E-04	-5.6699E-02	1.0457E-01
3.9811E-04	-5.6468E-02	1.0413E-01
4.0179E-04	-5.6237E-02	1.0370E-01
4.0551E-04	-5.6008E-02	1.0327E-01
4.0926E-04	-5.5779E-02	1.0284E-01
4.1305E-04	-5.5552E-02	1.0242E-01
4.1687E-04	-5.5325E-02	1.0199E-01
4.2073E-04	-5.5099E-02	1.0157E-01
4.2462E-04	-5.4874E-02	1.0115E-01
4.2855E-04	-5.4650E-02	1.0073E-01
4.3251E-04	-5.4427E-02	1.0031E-01
4.3652E-04	-5.4205E-02	9.9893E-02
4.4055E-04	-5.3984E-02	9.9478E-02
4.4463E-04	-5.3764E-02	9.9065E-02
4.4875E-04	-5.3544E-02	9.8654E-02
4.5290E-04	-5.3326E-02	9.8245E-02
4.5709E-04	-5.3108E-02	9.7837E-02
4.6132E-04	-5.2892E-02	9.7432E-02
4.6559E-04	-5.2676E-02	9.7027E-02
4.6989E-04	-5.2461E-02	9.6625E-02
4.7424E-04	-5.2247E-02	9.6224E-02
4.7863E-04	-5.2034E-02	9.5825E-02
4.8306E-04	-5.1822E-02	9.5428E-02
4.8753E-04	-5.1610E-02	9.5032E-02
4.9204E-04	-5.1400E-02	9.4638E-02
4.9659E-04	-5.1190E-02	9.4245E-02
5.0119E-04	-5.0981E-02	9.3855E-02
5.0582E-04	-5.0773E-02	9.3465E-02
5.1050E-04	-5.0566E-02	9.3078E-02
5.1523E-04	-5.0360E-02	9.2692E-02
5.2000E-04	-5.0154E-02	9.2308E-02
5.2481E-04	-4.9950E-02	9.1925E-02
5.2966E-04	-4.9746E-02	9.1544E-02
5.3456E-04	-4.9543E-02	9.1165E-02
5.3951E-04	-4.9341E-02	9.0787E-02
5.4450E-04	-4.9140E-02	9.0410E-02
5.4954E-04	-4.8939E-02	9.0036E-02
5.5463E-04	-4.8740E-02	8.9663E-02
5.5976E-04	-4.8541E-02	8.9291E-02
5.6494E-04	-4.8343E-02	8.8921E-02
5.7016E-04	-4.8146E-02	8.8553E-02
5.7544E-04	-4.7950E-02	8.8186E-02
5.8076E-04	-4.7754E-02	8.7820E-02
5.8614E-04	-4.7559E-02	8.7457E-02
5.9156E-04	-4.7365E-02	8.7094E-02
5.9704E-04	-4.7172E-02	8.6733E-02
6.0256E-04	-4.6980E-02	8.6374E-02
6.0814E-04	-4.6788E-02	8.6016E-02
6.1376E-04	-4.6597E-02	8.5660E-02
6.1944E-04	-4.6407E-02	8.5305E-02
6.2517E-04	-4.6218E-02	8.4952E-02
6.3096E-04	-4.6030E-02	8.4600E-02
6.3680E-04	-4.5842E-02	8.4250E-02
6.4269E-04	-4.5655E-02	8.3901E-02
6.4863E-04	-4.5469E-02	8.3554E-02
6.5464E-04	-4.5284E-02	8.3208E-02
6.6069E-04	-4.5099E-02	8.2863E-02
6.6681E-04	-4.4915E-02	8.2520E-02
6.7298E-04	-4.4732E-02	8.2179E-02
6.7920E-04	-4.4550E-02	8.1838E-02
6.8549E-04	-4.4368E-02	8.1500E-02
6.9183E-04	-4.4187E-02	8.1162E-02
6.9823E-04	-4.4007E-02	8.0826E-02
7.0469E-04	-4.3828E-02	8.0492E-02
7.1121E-04	-4.3649E-02	8.0159E-02
7.1779E-04	-4.3471E-02	7.9827E-02
7.2444E-04	-4.3294E-02	7.9497E-02
7.3114E-04	-4.3117E-02	7.9168E-02
7.3790E-04	-4.2942E-02	7.8840E-02
7.4473E-04	-4.2767E-02	7.8514E-02
7.5162E-04	-4.2592E-02	7.8189E-02
7.5858E-04	-4.2419E-02	7.7866E-02
7.6560E-04	-4.2246E-02	7.7544E-02
7.7268E-04	-4.2074E-02	7.7223E-02
7.7983E-04	-4.1902E-02	7.6903E-02
7.8705E-04	-4.1731E-02	7.6585E-02
7.9433E-04	-4.1561E-02	7.6269E-02
8.0168E-04	-4.1392E-02	7.5953E-02
8.0910E-04	-4.1223E-02	7.5639E-02
8.1658E-04	-4.1055E-02	7.5326E-02
8.2414E-04	-4.0888E-02	7.5015E-02
8.3176E-04	-4.0721E-02	7.4705E-02
8.3946E-04	-4.0555E-02	7.4396E-02
8.4723E-04	-4.0390E-02	7.4088E-02
8.5507E-04	-4.0225E-02	7.3782E-02
8.6298E-04	-4.0062E-02	7.3477E-02
8.7096E-04	-3.9898E-02	7.3173E-02
8.7902E-04	-3.9736E-02	7.2871E-02
8.8716E-04	-3.9574E-02	7.2569E-02
8.9536E-04	-3.9413E-02	7.2269E-02
9.0365E-04	-3.9252E-02	7.1971E-02
9.1201E-04	-3.9092E-02	7.1673E-02
9.2045E-04	-3.8933E-02	7.1377E-02
9.2897E-04	-3.8774E-02	7.1082E-02
9.3756E-04	-3.8616E-02	7.0788E-02
9.4624E-04	-3.8459E-02	7.0496E-02
9.5499E-04	-3.8302E-02	7.0205E-02
9.6383E-04	-3.8146E-02	6.9914E-02
9.7275E-04	-3.7991E-02	6.9626E-02
9.8175E-04	-3.7836E-02	6.9338E-02
9.9083E-04	-3.7682E-02	6.9052E-02
1.0000E-03	-3.7528E-02	6.8766E-02
1.0093E-03	-3.7375E-02	6.8482E-02
1.0186E-03	-3.7223E-02	6.8199E-02
1.0280E-03	-3.7071E-02	6.7918E-02
1.0375E-03	-3.6920E-02	6.7637E-02
1.0471E-03	-3.6770E-02	6.7358E-02
1.0568E-03	-3.6620E-02	6.7080E-02
1.0666E-03	-3.6471E-02	6.6803E-02
1.0765E-03	-3.6323E-02	6.6527E-02
1.0864E-03	-3.6175E-02	6.6252E-02
1.0965E-03	-3.6027E-02	6.5979E-02
1.1066E-03	-3.5880E-02	6.5706E-02
1.1169E-03	-3.5734E-02	6.5435E-02
1.1272E-03	-3.5589E-02	6.5165E-02
1.1376E-03	-3.5444E-02	6.4896E-02
1.1482E-03	-3.5299E-02	6.4628E-02
1.1588E-03	-3.5156E-02	6.4361E-02
1.1695E-03	-3.5012E-02	6.4095E-02
1.1803E-03	-3.4870E-02	6.3831E-02
1.1912E-03	-3.4728E-02	6.3567E-02
1.2023E-03	-3.4586E-02	6.3305E-02
1.2134E-03	-3.4446E-02	6.3044E-02
1.2246E-03	-3.4305E-02	6.2784E-02
1.2359E-03	-3.4165E-02	6.2524E-02
1.2474E-03	-3.4026E-02	6.2266E-02
1.2589E-03	-3.3888E-02	6.2010E-02
1.2706E-03	-3.3750E-02	6.1754E-02
1.2823E-03	-3.3612E-02	6.1499E-02
1.2942E-03	-3.3475E-02	6.1245E-02
1.3062E-03	-3.3339E-02	6.0992E-02
1.3183E-03	-3.3203E-02	6.0741E-02
1.3305E-03	-3.3068E-02	6.0490E-02
1.3428E-03	-3.2933E-02	6.0241E-02
1.3552E-03	-3.2799E-02	5.9992E-02
1.3677E-03	-3.2666E-02	5.9745E-02
1.3804E-03	-3.2533E-02	5.9498E-02
1.3932E-03	-3.2400E-02	5.9253E-02
1.4060E-03	-3.2268E-02	5.9009E-02
1.4191E-03	-3.2137E-02	5.8765E-02
1.4322E-03	-3.2006E-02	5.8523E-02
1.4454E-03	-3.1876E-02	5.8282E-02
1.4588E-03	-3.1746E-02	5.8041E-02
1.4723E-03	-3.1616E-02	5.7802E-02
1.4859E-03	-3.1488E-02	5.7563E-02
1.4997E-03	-3.1359E-02	5.7326E-02
1.5136E-03	-3.1232E-02	5.7090E-02
1.5276E-03	-3.1105E-02	5.6854E-02
1.5417E-03	-3.0978E-02	5.6620E-02
1.5560E-03	-3.0852E-02	5.6387E-02
1.5704E-03	-3.0726E-02	5.6154E-02
1.5849E-03	-3.0601E-02	5.5923E-02
1.5996E-03	-3.0476E-02	5.5692E-02
1.6144E-03	-3.0352E-02	5.5462E-02
1.6293E-03	-3.0229E-02	5.5234E-02
1.6444E-03	-3.0105E-02	5.5006E-02
1.6596E-03	-2.9983E-02	5.4779E-02
1.6749E-03	-2.9861E-02	5.4554E-02
1.6904E-03	-2.9739E-02	5.4329E-02
1.7061E-03	-2.9618E-02	5.4105E-02
1.7219E-03	-2.9497E-02	5.3882E-02
1.7378E-03	-2.9377E-02	5.3660E-02
1.7539E-03	-2.9258E-02	5.3439E-02
1.7701E-03	-2.9138E-02	5.3218E-02
1.7865E-03	-2.9020E-02	5.2999E-02
1.8030E-03	-2.8902E-02	5.2781E-02
1.8197E-03	-2.8784E-02	5.2563E-02
1.8365E-03	-2.8667E-02	5.2346E-02
1.8535E-03	-2.8550E-02	5.2131E-02
1.8707E-03	-2.8433E-02	5.1916E-02
1.8880E-03	-2.8318E-02	5.1702E-02
1.9055E-03	-2.8202E-02	5.1489E-02
1.9231E-03	-2.8087E-02	5.1277E-02
1.9409E-03	-2.7973E-02	5.1066E-02
1.9588E-03	-2.7859E-02	5.0855E-02
1.9770E-03	-2.7746E-02	5.0646E-02
1.9953E-03	-2.7633E-02	5.0437E-02
2.0137E-03	-2.7520E-02	5.0229E-02
2.0324E-03	-2.7408E-02	5.0022E-02
2.0512E-03	-2.7296E-02	4.9816E-02
2.0701E-03	-2.7185E-02	4.9611E-02
2.0893E-03	-2.7074E-02	4.9406E-02
2.1086E-03	-2.6964E-02	4.9203E-02
2.1281E-03	-2.6854E-02	4.9000E-02
2.1478E-03	-2.6745E-02	4.8798E-02
2.1677E-03	-2.6636E-02	4.8597E-02
2.1878E-03	-2.6527E-02	4.8397E-02
2.2080E-03	-2.6419E-02	4.8197E-02
2.2284E-03	-2.6311E-02	4.7999E-02
2.2491E-03	-2.6204E-02	4.7801E-02
2.2699E-03	-2.6097E-02	4.7604E-02
2.2909E-03	-2.5991E-02	4.7408E-02
2.3121E-03	-2.5885E-02	4.7213E-02
2.3335E-03	-2.5779E-02	4.7018E-02
2.3550E-03	-2.5674E-02	4.6824E-02
2.3768E-03	-2.5570E-02	4.6632E-02
2.3988E-03	-2.5465E-02	4.6439E-02
2.4210E-03	-2.5362E-02	4.6248E-02
2.4434E-03	-2.5258E-02	4.6058E-02
2.4660E-03	-2.5155E-02	4.5868E-02
2.4889E-03	-2.5053E-02	4.5679E-02
2.5119E-03	-2.4950E-02	4.5491E-02
2.5351E-03	-2.4849E-02	4.5303E-02
2.5586E-03	-2.4747E-02	4.5116E-02
2.5823E-03	-2.4646E-02	4.4930E-02
2.6062E-03	-2.4546E-02	4.4745E-02
2.6303E-03	-2.4446E-02	4.4561E-02
2.6546E-03	-2.4346E-02	4.4377E-02
2.6792E-03	-2.4247E-02	4.4194E-02
2.7040E-03	-2.4148E-02	4.4012E-02
2.7290E-03	-2.4049E-02	4.3831E-02
2.7542E-03	-2.3951E-02	4.3650E-02
2.7797E-03	-2.3853E-02	4.3470E-02
2.8054E-03	-2.3756E-02	4.3291E-02
2.8314E-03	-2.3659E-02	4.3113E-02
2.8576E-03	-2.3563E-02	4.2935E-02
2.8840E-03	-2.3466E-02	4.2758E-02
2.9107E-03	-2.3371E-02	4.2582E-02
2.9376E-03	-2.3275E-02	4.2406E-02
2.9648E-03	-2.3180E-02	4.2231E-02
2.9923E-03	-2.3086E-02	4.2057E-02
3.0200E-03	-2.2991E-02	4.1884E-02
3.0479E-03	-2.2897E-02	4.1711E-02
3.0761E-03	-2.2804E-02	4.1539E-02
3.1046E-03	-2.2711E-02	4.1368E-02
3.1333E-03	-2.2618E-02	4.1197E-02
3.1623E-03	-2.2526E-02	4.1027E-02
3.1915E-03	-2.2434E-02	4.0858E-02
3.2211E-03	-2.2342E-02	4.0689E-02
3.2509E-03	-2.2251E-02	4.0522E-02
3.2810E-03	-2.2160E-02	4.0354E-02
3.3113E-03	-2.2069E-02	4.0188E-02
3.3420E-03	-2.1979E-02	4.0022E-02
3.3729E-03	-2.1889E-02	3.9857E-02
3.4041E-03	-2.1799E-02	3.9692E-02
3.4356E-03	-2.1710E-02	3.9529E-02
3.4674E-03	-2.1622E-02	3.9365E-02
3.4995E-03	-2.1533E-02	3.9203E-02
3.5318E-03	-2.1445E-02	3.9041E-02
3.5645E-03	-2.1357E-02	3.8880E-02
3.5975E-03	-2.1270E-02	3.8719E-02
3.6308E-03	-2.1183E-02	3.8559E-02
3.6644E-03	-2.1096E-02	3.8400E-02
3.6983E-03	-2.1010E-02	3.8242E-02
3.7325E-03	-2.0924E-02	3.8084E-02
3.7670E-03	-2.0838E-02	3.7926E-02
3.8019E-03	-2.0753E-02	3.7770E-02
3.8371E-03	-2.0668E-02	3.7614E-02
3.8726E-03	-2.0583E-02	3.7458E-02
3.9084E-03	-2.0499E-02	3.7303E-02
3.9446E-03	-2.0415E-02	3.7149E-02
3.9811E-03	-2.0331E-02	3.6995E-02
4.0179E-03	-2.0248E-02	3.6843E-02
4.0551E-03	-2.0165E-02	3.6690E-02
4.0926E-03	-2.0082E-02	3.6538E-02
4.1305E-03	-2.0000E-02	3.6387E-02
4.1687E-03	-1.9918E-02	3.6237E-02
4.2073E-03	-1.9836E-02	3.6087E-02
4.2462E-03	-1.9754E-02	3.5937E-02
4.2855E-03	-1.9673E-02	3.5789E-02
4.3251E-03	-1.9593E-02	3.5641E-02
4.3652E-03	-1.9512E-02	3.5493E-02
4.4055E-03	-1.9432E-02	3.5346E-02
4.4463E-03	-1.9352E-02	3.5200E-02
4.4875E-03	-1.9273E-02	3.5054E-02
4.5290E-03	-1.9193E-02	3.4909E-02
4.5709E-03	-1.9115E-02	3.4764E-02
4.6132E-03	-1.9036E-02	3.4620E-02
4.6559E-03	-1.8958E-02	3.4476E-02
4.6989E-03	-1.8880E-02	3.4333E-02
4.7424E-03	-1.8802E-02	3.4191E-02
4.7863E-03	-1.8725E-02	3.4049E-02
4.8306E-03	-1.8648E-02	3.3908E-02
4.8753E-03	-1.8571E-02	3.3767E-02
4.9204E-03	-1.8494E-02	3.3627E-02
4.9659E-03	-1.8418E-02	3.3488E-02
5.0119E-03	-1.8342E-02	3.3348E-02
5.0582E-03	-1.8267E-02	3.3210E-02
5.1050E-03	-1.8191E-02	3.3072E-02
5.1523E-03	-1.8116E-02	3.2935E-02
5.2000E-03	-1.8042E-02	3.2798E-02
5.2481E-03	-1.7967E-02	3.2661E-02
5.2966E-03	-1.7893E-02	3.2526E-02
5.3456E-03	-1.7819E-02	3.2390E-02
5.3951E-03	-1.7746E-02	3.2255E-02
5.4450E-03	-1.7672E-02	3.2121E-02
5.4954E-03	-1.7599E-02	3.1988E-02
5.5463E-03	-1.7526E-02	3.1854E-02
5.5976E-03	-1.7454E-02	3.1722E-02
5.6494E-03	-1.7382E-02	3.1590E-02
5.7016E-03	-1.7310E-02	3.1458E-02
5.7544E-03	-1.7238E-02	3.1327E-02
5.8076E-03	-1.7167E-02	3.1196E-02
5.8614E-03	-1.7096E-02	3.1066E-02
5.9156E-03	-1.7025E-02	3.0936E-02
5.9704E-03	-1.6954E-02	3.0807E-02
6.0256E-03	-1.6884E-02	3.0679E-02
6.0814E-03	-1.6814E-02	3.0550E-02
6.1376E-03	-1.6744E-02	3.0423E-02
6.1944E-03	-1.6675E-02	3.0296E-02
6.2517E-03	-1.6605E-02	3.0169E-02
6.3096E-03	-1.6536E-02	3.0043E-02
6.3680E-03	-1.6468E-02	2.9917E-02
6.4269E-03	-1.6399E-02	2.9792E-02
6.4863E-03	-1.6331E-02	2.9667E-02
6.5464E-03	-1.6263E-02	2.9543E-02
6.6069E-03	-1.6195E-02	2.9419E-02
6.6681E-03	-1.6128E-02	2.9296E-02
6.7298E-03	-1.6061E-02	2.9173E-02
6.7920E-03	-1.5994E-02	2.9050E-02
6.8549E-03	-1.5927E-02	2.8928E-02
6.9183E-03	-1.5861E-02	2.8807E-02
6.9823E-03	-1.5794E-02	2.8686E-02
7.0469E-03	-1.5728E-02	2.8565E-02
7.1121E-03	-1.5663E-02	2.8445E-02
7.1779E-03	-1.5597E-02	2.8325E-02
7.2444E-03	-1.5532E-02	2.8206E-02
7.3114E-03	-1.5467E-02	2.8087E-02
7.3790E-03	-1.5402E-02	2.7969E-02
7.4473E-03	-1.5338E-02	2.7851E-02
7.5162E-03	-1.5273E-02	2.7734E-02
7.5858E-03	-1.5209E-02	2.7617E-02
7.6560E-03	-1.5145E-02	2.7500E-02
7.7268E-03	-1.5082E-02	2.7384E-02
7.7983E-03	-1.5018E-02	2.7268E-02
7.8705E-03	-1.4955E-02	2.7153E-02
7.9433E-03	-1.4892E-02	2.7038E-02
8.0168E-03	-1.4830E-02	2.6923E-02
8.0910E-03	-1.4767E-02	2.6809E-02
8.1658E-03	-1.4705E-02	2.6695E-02
8.2414E-03	-1.4643E-02	2.6582E-02
8.3176E-03	-1.4581E-02	2.6469E-02
8.3946E-03	-1.4519E-02	2.6357E-02
8.4723E-03	-1.4458E-02	2.6245E-02
8.5507E-03	-1.4397E-02	2.6133E-02
8.6298E-03	-1.4336E-02	2.6022E-02
8.7096E-03	-1.4275E-02	2.5911E-02
8.7902E-03	-1.4215E-02	2.5801E-02
8.8716E-03	-1.4154E-02	2.5691E-02
8.9536E-03	-1.4094E-02	2.5581E-02
9.0365E-03	-1.4034E-02	2.5472E-02
9.1201E-03	-1.3975E-02	2.5363E-02
9.2045E-03	-1.3915E-02	2.5255E-02
9.2897E-03	-1.3856E-02	2.5146E-02
9.3756E-03	-1.3797E-02	2.5039E-02
9.4624E-03	-1.3738E-02	2.4931E-02
9.5499E-03	-1.3680E-02	2.4824E-02
9.6383E-03	-1.3621E-02	2.4718E-02
9.7275E-03	-1.3563E-02	2.4612E-02
9.8175E-03	-1.3505E-02	2.4506E-02
9.9083E-03	-1.3447E-02	2.4400E-02
1.0000E-02	-1.3389E-02	2.4295E-02
1.1984E-02	-1.2294E-02	2.2300E-02
1.3968E-02	-1.1419E-02	2.0707E-02
1.5952E-02	-1.0694E-02	1.9388E-02
1.7936E-02	-1.0077E-02	1.8266E-02
1.9920E-02	-9.5410E-03	1.7292E-02
2.1904E-02	-9.0669E-03	1.6431E-02
2.3888E-02	-8.6421E-03	1.5660E-02
2.5872E-02	-8.2569E-03	1.4961E-02
2.7856E-02	-7.9043E-03	1.4321E-02
2.9840E-02	-7.5789E-03	1.3731E-02
3.1824E-02	-7.2764E-03	1.3182E-02
3.3808E-02	-6.9935E-03	1.2670E-02
3.5792E-02	-6.7275E-03	1.2187E-02
3.7776E-02	-6.4761E-03	1.1732E-02
3.9760E-02	-6.2376E-03	1.1300E-02
4.1743E-02	-6.0104E-03	1.0888E-02
4.3727E-02	-5.7934E-03	1.0495E-02
4.5711E-02	-5.5854E-03	1.0118E-02
4.7695E-02	-5.3855E-03	9.7556E-03
4.9679E-02	-5.1929E-03	9.4068E-03
5.1663E-02	-5.0070E-03	9.0701E-03
5.3647E-02	-4.8273E-03	8.7444E-03
5.5631E-02	-4.6531E-03	8.4289E-03
5.7615E-02	-4.4841E-03	8.1227E-03
5.9599E-02	-4.3198E-03	7.8251E-03
6.1583E-02	-4.1600E-03	7.5355E-03
6.3567E-02	-4.0042E-03	7.2534E-03
6.5551E-02	-3.8523E-03	6.9782E-03
6.7535E-02	-3.7040E-03	6.7096E-03
6.9519E-02	-3.5591E-03	6.4471E-03
7.1503E-02	-3.4175E-03	6.1904E-03
7.3487E-02	-3.2788E-03	5.9392E-03
7.5471E-02	-3.1430E-03	5.6932E-03
7.7455E-02	-3.0099E-03	5.4521E-03
7.9439E-02	-2.8795E-03	5.2157E-03
8.1423E-02	-2.7515E-03	4.9839E-03
8.3407E-02	-2.6259E-03	4.7563E-03
8.5391E-02	-2.5027E-03	4.5329E-03
8.7375E-02	-2.3816E-03	4.3136E-03
8.9359E-02	-2.2627E-03	4.0981E-03
9.1343E-02	-2.1458E-03	3.8863E-03
9.3327E-02	-2.0310E-03	3.6781E-03
9.5311E-02	-1.9180E-03	3.4734E-03
9.7295E-02	-1.8070E-03	3.2722E-03
9.9279E-02	-1.6978E-03	3.0743E-03
1.0126E-01	-1.5904E-03	2.8796E-03
1.0325E-01	-1.4847E-03	2.6880E-03
1.0523E-01	-1.3808E-03	2.4996E-03
1.0721E-01	-1.2785E-03	2.3142E-03
1.0920E-01	-1.1779E-03	2.1318E-03
1.1118E-01	-1.0789E-03	1.9523E-03
1.1317E-01	-9.8147E-04	1.7757E-03
1.1515E-01	-8.8561E-04	1.6019E-03
1.1713E-01	-7.9129E-04	1.4309E-03
1.1912E-01	-6.9848E-04	1.2626E-03
1.2110E-01	-6.0718E-04	1.0970E-03
1.2309E-01	-5.1735E-04	9.3412E-04
1.2507E-01	-4.2898E-04	7.7387E-04
1.2705E-01	-3.4206E-04	6.1623E-04
1.2904E-01	-2.5657E-04	4.6118E-04
1.3102E-01	-1.7249E-04	3.0869E-04
1.3301E-01	-8.9818E-05	1.5875E-04
1.3499E-01	-8.5335E-06	1.1515E-05
1.3697E-01	7.1373E-05	1.3367E-04
1.3896E-01	1.4991E-04	2.7612E-04
1.4094E-01	2.2709E-04	4.1613E-04
1.4293E-01	3.0293E-04	5.5370E-04
1.4491E-01	3.7743E-04	6.8885E-04
1.4689E-01	4.5060E-04	8.2160E-04
1.4888E-01	5.2244E-04	9.5195E-04
1.5086E-01	5.9298E-04	1.0799E-03
1.5285E-01	6.6221E-04	1.2055E-03
1.5483E-01	7.3015E-04	1.3288E-03
1.5681E-01	7.9679E-04	1.4498E-03
1.5880E-01	8.6215E-04	1.5684E-03
1.6078E-01	9.2624E-04	1.6847E-03
1.6277E-01	9.8906E-04	1.7987E-03
1.6475E-01	1.0506E-03	1.9104E-03
1.6673E-01	1.1109E-03	2.0198E-03
1.6872E-01	1.1700E-03	2.1270E-03
1.7070E-01	1.2278E-03	2.2319E-03
1.7269E-01	1.2844E-03	2.3346E-03
1.7467E-01	1.3397E-03	2.4351E-03
1.7665E-01	1.3938E-03	2.5333E-03
1.7864E-01	1.4467E-03	2.6294E-03
1.8062E-01	1.4984E-03	2.7232E-03
1.8261E-01	1.5489E-03	2.8149E-03
1.8459E-01	1.5982E-03	2.9044E-03
1.8657E-01	1.6463E-03	2.9917E-03
1.8856E-01	1.6933E-03	3.0769E-03
1.9054E-01	1.7390E-03	3.1600E-03
1.9253E-01	1.7836E-03	3.2409E-03
1.9451E-01	1.8270E-03	3.3198E-03
1.9649E-01	1.8692E-03	3.3965E-03
1.9848E-01	1.9103E-03	3.4711E-03
2.0046E-01	1.9503E-03	3.5437E-03
2.0244E-01	1.9891E-03	3.6142E-03
2.0443E-01	2.0268E-03	3.6827E-03
2.0641E-01	2.0634E-03	3.7492E-03
2.0840E-01	2.0989E-03	3.8136E-03
2.1038E-01	2.1332E-03	3.8760E-03
2.1236E-01	2.1665E-03	3.9364E-03
2.1435E-01	2.1987E-03	3.9949E-03
2.1633E-01	2.2298E-03	4.0514E-03
2.1832E-01	2.2598E-03	4.1059E-03
2.2030E-01	2.2888E-03	4.1586E-03
2.2228E-01	2.3167E-03	4.2093E-03
2.2427E-01	2.3435E-03	4.2581E-03
2.2625E-01	2.3694E-03	4.3050E-03
2.2824E-01	2.3942E-03	4.3501E-03
2.3022E-01	2.4179E-03	4.3933E-03
2.3220E-01	2.4407E-03	4.4347E-03
2.3419E-01	2.4625E-03	4.4742E-03
2.3617E-01	2.4833E-03	4.5120E-03
2.3816E-01	2.5031E-03	4.5480E-03
2.4014E-01	2.5219E-03	4.5822E-03
2.4212E-01	2.5397E-03	4.6147E-03
2.4411E-01	2.5567E-03	4.6454E-03
2.4609E-01	2.5726E-03	4.6745E-03
2.4808E-01	2.5877E-03	4.7018E-03
2.5006E-01	2.6018E-03	4.7275E-03
2.5204E-01	2.6150E-03	4.7515E-03
2.5403E-01	2.6273E-03	4.7739E-03
2.5601E-01	2.6387E-03	4.7947E-03
2.5800E-01	2.6493E-03	4.8139E-03
2.5998E-01	2.6590E-03	4.8315E-03
2.6196E-01	2.6678E-03	4.8476E-03
2.6395E-01	2.6758E-03	4.8621E-03
2.6593E-01	2.6829E-03	4.8751E-03
2.6792E-01	2.6892E-03	4.8867E-03
2.6990E-01	2.6947E-03	4.8967E-03
2.7188E-01	2.6994E-03	4.9053E-03
2.7387E-01	2.7034E-03	4.9125E-03
2.7585E-01	2.7065E-03	4.9182E-03
2.7784E-01	2.7089E-03	4.9226E-03
2.7982E-01	2.7105E-03	4.9256E-03
2.8180E-01	2.7114E-03	4.9273E-03
2.8379E-01	2.7116E-03	4.9276E-03
2.8577E-01	2.7111E-03	4.9267E-03
2.8776E-01	2.7098E-03	4.9244E-03
2.8974E-01	2.7079E-03	4.9209E-03
2.9172E-01	2.7052E-03	4.9162E-03
2.9371E-01	2.7019E-03	4.9102E-03
2.9569E-01	2.6980E-03	4.9031E-03
2.9768E-01	2.6934E-03	4.8948E-03
2.9966E-01	2.6882E-03	4.8853E-03
3.0164E-01	2.6823E-03	4.8748E-03
3.0363E-01	2.6759E-03	4.8631E-03
3.0561E-01	2.6688E-03	4.8503E-03
3.0760E-01	2.6612E-03	4.8365E-03
3.0958E-01	2.6530E-03	4.8216E-03
3.1156E-01	2.6443E-03	4.8058E-03
3.1355E-01	2.6350E-03	4.7889E-03
3.1553E-01	2.6251E-03	4.7711E-03
3.1752E-01	2.6148E-03	4.7523E-03
3.1950E-01	2.6039E-03	4.7326E-03
3.2148E-01	2.5926E-03	4.7120E-03
3.2347E-01	2.5807E-03	4.6905E-03
3.2545E-01	2.5684E-03	4.6682E-03
3.2743E-01	2.5556E-03	4.6450E-03
3.2942E-01	2.5424E-03	4.6210E-03
3.3140E-01	2.5288E-03	4.5963E-03
3.3339E-01	2.5147E-03	4.5707E-03
3.3537E-01	2.5002E-03	4.5444E-03
3.3735E-01	2.4853E-03	4.5174E-03
3.3934E-01	2.4700E-03	4.4897E-03
3.4132E-01	2.4544E-03	4.4612E-03
3.4331E-01	2.4384E-03	4.4322E-03
3.4529E-01	2.4220E-03	4.4025E-03
3.4727E-01	2.4053E-03	4.3721E-03
3.4926E-01	2.3883E-03	4.3412E-03
3.5124E-01	2.3709E-03	4.3097E-03
3.5323E-01	2.3533E-03	4.2776E-03
3.5521E-01	2.3353E-03	4.2450E-03
3.5719E-01	2.3171E-03	4.2119E-03
3.5918E-01	2.2986E-03	4.1783E-03
3.6116E-01	2.2798E-03	4.1442E-03
3.6315E-01	2.2608E-03	4.1097E-03
3.6513E-01	2.2415E-03	4.0747E-03
3.6711E-01	2.2220E-03	4.0393E-03
3.6910E-01	2.2023E-03	4.0035E-03
3.7108E-01	2.1824E-03	3.9673E-03
3.7307E-01	2.1623E-03	3.9308E-03
3.7505E-01	2.1420E-03	3.8939E-03
3.7703E-01	2.1215E-03	3.8567E-03
3.7902E-01	2.1009E-03	3.8192E-03
3.8100E-01	2.0801E-03	3.7815E-03
3.8299E-01	2.0591E-03	3.7434E-03
3.8497E-01	2.0381E-03	3.7051E-03
3.8695E-01	2.0168E-03	3.6666E-03
3.8894E-01	1.9955E-03	3.6279E-03
3.9092E-01	1.9741E-03	3.5889E-03
3.9291E-01	1.9526E-03	3.5498E-03
3.9489E-01	1.9309E-03	3.5106E-03
3.9687E-01	1.9092E-03	3.4711E-03
3.9886E-01	1.8875E-03	3.4316E-03
4.0084E-01	1.8656E-03	3.3919E-03
4.0283E-01	1.8438E-03	3.3521E-03
4.0481E-01	1.8218E-03	3.3123E-03
4.0679E-01	1.7998E-03	3.2724E-03
4.0878E-01	1.7778E-03	3.2324E-03
4.1076E-01	1.7558E-03	3.1924E-03
4.1275E-01	1.7338E-03	3.1523E-03
4.1473E-01	1.7117E-03	3.1123E-03
4.1671E-01	1.6897E-03	3.0722E-03
4.1870E-01	1.6677E-03	3.0322E-03
4.2068E-01	1.6457E-03	2.9922E-03
4.2267E-01	1.6237E-03	2.9522E-03
4.2465E-01	1.6017E-03	2.9123E-03
4.2663E-01	1.5798E-03	2.8725E-03
4.2862E-01	1.5579E-03	2.8327E-03
4.3060E-01	1.5361E-03	2.7931E-03
4.3259E-01	1.5143E-03	2.7535E-03
4.3457E-01	1.4926E-03	2.7141E-03
4.3655E-01	1.4710E-03	2.6748E-03
4.3854E-01	1.4494E-03	2.6356E-03
4.4052E-01	1.4280E-03	2.5965E-03
4.4251E-01	1.4066E-03	2.5577E-03
4.4449E-01	1.3853E-03	2.5190E-03
4.4647E-01	1.3641E-03	2.4804E-03
4.4846E-01	1.3430E-03	2.4421E-03
4.5044E-01	1.3220E-03	2.4040E-03
4.5242E-01	1.3011E-03	2.3660E-03
4.5441E-01	1.2804E-03	2.3283E-03
4.5639E-01	1.2598E-03	2.2908E-03
4.5838E-01	1.2393E-03	2.2536E-03
4.6036E-01	1.2189E-03	2.2165E-03
4.6234E-01	1.1987E-03	2.1798E-03
4.6433E-01	1.1786E-03	2.1433E-03
4.6631E-01	1.1586E-03	2.1070E-03
4.6830E-01	1.1388E-03	2.0710E-03
4.7028E-01	1.1192E-03	2.0353E-03
4.7226E-01	1.0997E-03	1.9999E-03
4.7425E-01	1.0804E-03	1.9647E-03
4.7623E-01	1.0612E-03	1.9299E-03
4.7822E-01	1.0422E-03	1.8953E-03
4.8020E-01	1.0234E-03	1.8611E-03
4.8218E-01	1.0047E-03	1.8272E-03
4.8417E-01	9.8621E-04	1.7936E-03
4.8615E-01	9.6789E-04	1.7603E-03
4.8814E-01	9.4976E-04	1.7273E-03
4.9012E-01	9.3181E-04	1.6947E-03
4.9210E-01	9.1404E-04	1.6624E-03
4.9409E-01	8.9646E-04	1.6304E-03
4.9607E-01	8.7906E-04	1.5988E-03
4.9806E-01	8.6186E-04	1.5675E-03
5.0004E-01	8.4484E-04	1.5366E-03
5.0202E-01	8.2802E-04	1.5060E-03
5.0401E-01	8.1139E-04	1.4757E-03
5.0599E-01	7.9496E-04	1.4459E-03
5.0798E-01	7.7872E-04	1.4163E-03
5.0996E-01	7.6269E-04	1.3872E-03
5.1194E-01	7.4685E-04	1.3584E-03
5.1393E-01	7.3121E-04	1.3299E-03
5.1591E-01	7.1577E-04	1.3019E-03
5.1790E-01	7.0054E-04	1.2742E-03
5.1988E-01	6.8550E-04	1.2468E-03
5.2186E-01	6.7067E-04	1.2199E-03
5.2385E-01	6.5604E-04	1.1933E-03
5.2583E-01	6.4162E-04	1.1670E-03
5.2782E-01	6.2740E-04	1.1412E-03
5.2980E-01	6.1338E-04	1.1157E-03
5.3178E-01	5.9957E-04	1.0906E-03
5.3377E-01	5.8596E-04	1.0658E-03
5.3575E-01	5.7255E-04	1.0414E-03
5.3774E-01	5.5935E-04	1.0174E-03
5.3972E-01	5.4635E-04	9.9379E-04
5.4170E-01	5.3355E-04	9.7052E-04
5.4369E-01	5.2095E-04	9.4761E-04
5.4567E-01	5.0856E-04	9.2507E-04
5.4766E-01	4.9636E-04	9.0290E-04
5.4964E-01	4.8437E-04	8.8109E-04
5.5162E-01	4.7258E-04	8.5964E-04
5.5361E-01	4.6098E-04	8.3855E-04
5.5559E-01	4.4958E-04	8.1782E-04
5.5758E-01	4.3838E-04	7.9745E-04
5.5956E-01	4.2738E-04	7.7744E-04
5.6154E-01	4.1657E-04	7.5778E-04
5.6353E-01	4.0595E-04	7.3847E-04
5.6551E-01	3.9552E-04	7.1951E-04
5.6749E-01	3.8529E-04	7.0089E-04
5.6948E-01	3.7524E-04	6.8262E-04
5.7146E-01	3.6539E-04	6.6470E-04
5.7345E-01	3.5572E-04	6.4711E-04
5.7543E-01	3.4623E-04	6.2986E-04
5.7741E-01	3.3693E-04	6.1294E-04
5.7940E-01	3.2781E-04	5.9636E-04
5.8138E-01	3.1888E-04	5.8010E-04
5.8337E-01	3.1012E-04	5.6417E-04
5.8535E-01	3.0153E-04	5.4856E-04
5.8733E-01	2.9313E-04	5.3327E-04
5.8932E-01	2.8489E-04	5.1829E-04
5.9130E-01	2.7683E-04	5.0363E-04
5.9329E-01	2.6894E-04	4.8928E-04
5.9527E-01	2.6122E-04	4.7523E-04
5.9725E-01	2.5366E-04	4.6149E-04
5.9924E-01	2.4627E-04	4.4804E-04
6.0122E-01	2.3904E-04	4.3489E-04
6.0321E-01	2.3197E-04	4.2203E-04
6.0519E-01	2.2506E-04	4.0946E-04
6.0717E-01	2.1831E-04	3.9718E-04
6.0916E-01	2.1171E-04	3.8517E-04
6.1114E-01	2.0526E-04	3.7344E-04
6.1313E-01	1.9896E-04	3.6199E-04
6.1511E-01	1.9281E-04	3.5080E-04
6.1709E-01	1.8681E-04	3.3988E-04
6.1908E-01	1.8095E-04	3.2923E-04
6.2106E-01	1.7524E-04	3.1883E-04
6.2305E-01	1.6966E-04	3.0868E-04
6.2503E-01	1.6422E-04	2.9879E-04
6.2701E-01	1.5892E-04	2.8914E-04
6.2900E-01	1.5375E-04	2.7974E-04
6.3098E-01	1.4871E-04	2.7057E-04
6.3297E-01	1.4380E-04	2.6164E-04
6.3495E-01	1.3902E-04	2.5294E-04
6.3693E-01	1.3436E-04	2.4447E-04
6.3892E-01	1.2983E-04	2.3622E-04
6.4090E-01	1.2541E-04	2.2819E-04
6.4289E-01	1.2112E-04	2.2038E-04
6.4487E-01	1.1694E-04	2.1277E-04
6.4685E-01	1.1288E-04	2.0538E-04
6.4884E-01	1.0892E-04	1.9819E-04
6.5082E-01	1.0508E-04	1.9120E-04
6.5281E-01	1.0135E-04	1.8441E-04
6.5479E-01	9.7718E-05	1.7780E-04
6.5677E-01	9.4193E-05	1.7139E-04
6.5876E-01	9.0771E-05	1.6517E-04
6.6074E-01	8.7447E-05	1.5912E-04
6.6273E-01	8.4222E-05	1.5325E-04
6.6471E-01	8.1092E-05	1.4756E-04
6.6669E-01	7.8056E-05	1.4203E-04
6.6868E-01	7.5112E-05	1.3668E-04
6.7066E-01	7.2257E-05	1.3148E-04
6.7265E-01	6.9490E-05	1.2645E-04
6.7463E-01	6.6809E-05	1.2157E-04
6.7661E-01	6.4212E-05	1.1685E-04
6.7860E-01	6.1697E-05	1.1227E-04
6.8058E-01	5.9262E-05	1.0784E-04
6.8257E-01	5.6905E-05	1.0355E-04
6.8455E-01	5.4625E-05	9.9401E-05
6.8653E-01	5.2419E-05	9.5387E-05
6.8852E-01	5.0286E-05	9.1506E-05
6.9050E-01	4.8224E-05	8.7754E-05
6.9248E-01	4.6231E-05	8.4128E-05
6.9447E-01	4.4305E-05	8.0625E-05
6.9645E-01	4.2446E-05	7.7242E-05
6.9844E-01	4.0651E-05	7.3975E-05
7.0042E-01	3.8918E-05	7.0822E-05
7.0240E-01	3.7246E-05	6.7780E-05
7.0439E-01	3.5633E-05	6.4845E-05
7.0637E-01	3.4078E-05	6.2015E-05
7.0836E-01	3.2579E-05	5.9288E-05
7.1034E-01	3.1134E-05	5.6659E-05
7.1232E-01	2.9743E-05	5.4127E-05
7.1431E-01	2.8403E-05	5.1689E-05
7.1629E-01	2.7113E-05	4.9342E-05
7.1828E-01	2.5872E-05	4.7083E-05
7.2026E-01	2.4678E-05	4.4910E-05
7.2224E-01	2.3530E-05	4.2821E-05
7.2423E-01	2.2426E-05	4.0813E-05
7.2621E-01	2.1366E-05	3.8883E-05
7.2820E-01	2.0347E-05	3.7029E-05
7.3018E-01	1.9369E-05	3.5249E-05
7.3216E-01	1.8430E-05	3.3541E-05
7.3415E-01	1.7529E-05	3.1901E-05
7.3613E-01	1.6665E-05	3.0329E-05
7.3812E-01	1.5837E-05	2.8822E-05
7.4010E-01	1.5043E-05	2.7377E-05
7.4208E-01	1.4283E-05	2.5994E-05
7.4407E-01	1.3554E-05	2.4669E-05
7.4605E-01	1.2858E-05	2.3400E-05
7.4804E-01	1.2191E-05	2.2187E-05
7.5002E-01	1.1553E-05	2.1026E-05
7.5200E-01	1.0943E-05	1.9917E-05
7.5399E-01	1.0361E-05	1.8857E-05
7.5597E-01	9.8046E-06	1.7845E-05
7.5796E-01	9.2735E-06	1.6878E-05
7.5994E-01	8.7667E-06	1.5956E-05
7.6192E-01	8.2832E-06	1.5076E-05
7.6391E-01	7.8224E-06	1.4237E-05
7.6589E-01	7.3832E-06	1.3438E-05
7.6788E-01	6.9649E-06	1.2677E-05
7.6986E-01	6.5667E-06	1.1952E-05
7.7184E-01	6.1878E-06	1.1262E-05
7.7383E-01	5.8274E-06	1.0606E-05
7.7581E-01	5.4849E-06	9.9830E-06
7.7780E-01	5.1595E-06	9.3907E-06
7.7978E-01	4.8504E-06	8.8283E-06
7.8176E-01	4.5572E-06	8.2945E-06
7.8375E-01	4.2790E-06	7.7882E-06
7.8573E-01	4.0152E-06	7.3082E-06
7.8772E-01	3.7654E-06	6.8535E-06
7.8970E-01	3.5287E-06	6.4228E-06
7.9168E-01	3.3048E-06	6.0152E-06
7.9367E-01	3.0930E-06	5.6297E-06
7.9565E-01	2.8928E-06	5.2653E-06
7.9764E-01	2.7036E-06	4.9211E-06
7.9962E-01	2.5251E-06	4.5961E-06
8.0160E-01	2.3566E-06	4.2894E-06
8.0359E-01	2.1977E-06	4.0003E-06
8.0557E-01	2.0480E-06	3.7278E-06
8.0756E-01	1.9071E-06	3.4713E-06
8.0954E-01	1.7744E-06	3.2298E-06
8.1152E-01	1.6497E-06	3.0028E-06
8.1351E-01	1.5325E-06	2.7894E-06
8.1549E-01	1.4224E-06	2.5891E-06
8.1747E-01	1.3191E-06	2.4011E-06
8.1946E-01	1.2223E-06	2.2249E-06
8.2144E-01	1.1316E-06	2.0597E-06
8.2343E-01	1.0466E-06	1.9051E-06
8.2541E-01	9.6718E-07	1.7605E-06
8.2739E-01	8.9292E-07	1.6254E-06
8.2938E-01	8.2357E-07	1.4991E-06
8.3136E-01	7.5886E-07	1.3813E-06
8.3335E-01	6.9853E-07	1.2715E-06
8.3533E-01	6.4233E-07	1.1692E-06
8.3731E-01	5.9004E-07	1.0741E-06
8.3930E-01	5.4142E-07	9.8555E-07
8.4128E-01	4.9625E-07	9.0334E-07
8.4327E-01	4.5435E-07	8.2706E-07
8.4525E-01	4.1549E-07	7.5634E-07
8.4723E-01	3.7951E-07	6.9085E-07
8.4922E-01	3.4623E-07	6.3026E-07
8.5120E-01	3.1547E-07	5.7427E-07
8.5319E-01	2.8707E-07	5.2258E-07
8.5517E-01	2.6089E-07	4.7492E-07
8.5715E-01	2.3678E-07	4.3103E-07
8.5914E-01	2.1459E-07	3.9065E-07
8.6112E-01	1.9421E-07	3.5354E-07
8.6311E-01	1.7551E-07	3.1950E-07
8.6509E-01	1.5837E-07	2.8830E-07
8.6707E-01	1.4268E-07	2.5974E-07
8.6906E-01	1.2834E-07	2.3364E-07
8.7104E-01	1.1526E-07	2.0982E-07
8.7303E-01	1.0333E-07	1.8810E-07
8.7501E-01	9.2474E-08	1.6834E-07
8.7699E-01	8.2611E-08	1.5039E-07
8.7898E-01	7.3662E-08	1.3410E-07
8.8096E-01	6.5558E-08	1.1935E-07
8.8295E-01	5.8230E-08	1.0601E-07
8.8493E-01	5.1615E-08	9.3963E-08
8.8691E-01	4.5655E-08	8.3113E-08
8.8890E-01	4.0295E-08	7.3356E-08
8.9088E-01	3.5483E-08	6.4597E-08
8.9287E-01	3.1173E-08	5.6750E-08
8.9485E-01	2.7320E-08	4.9736E-08
8.9683E-01	2.3882E-08	4.3478E-08
8.9882E-01	2.0823E-08	3.7908E-08
9.0080E-01	1.8106E-08	3.2962E-08
9.0279E-01	1.5699E-08	2.8580E-08
9.0477E-01	1.3571E-08	2.4707E-08
9.0675E-01	1.1696E-08	2.1294E-08
9.0874E-01	1.0048E-08	1.8293E-08
9.1072E-01	8.6036E-09	1.5663E-08
9.1271E-01	7.3409E-09	1.3365E-08
9.1469E-01	6.2408E-09	1.1362E-08
9.1667E-01	5.2852E-09	9.6221E-09
9.1866E-01	4.4581E-09	8.1163E-09
9.2064E-01	3.7447E-09	6.8175E-09
9.2263E-01	3.1316E-09	5.7013E-09
9.2461E-01	2.6067E-09	4.7458E-09
9.2659E-01	2.1593E-09	3.9312E-09
9.2858E-01	1.7795E-09	3.2397E-09
9.3056E-01	1.4585E-09	2.6554E-09
9.3255E-01	1.1886E-09	2.1639E-09
9.3453E-01	9.6272E-10	1.7527E-09
9.3651E-01	7.7476E-10	1.4105E-09
9.3850E-01	6.1922E-10	1.1274E-09
9.4048E-01	4.9130E-10	8.9449E-10
9.4246E-01	3.8677E-10	7.0418E-10
9.4445E-01	3.0195E-10	5.4975E-10
9.4643E-01	2.3362E-10	4.2535E-10
9.4842E-01	1.7902E-10	3.2594E-10
9.5040E-01	1.3577E-10	2.4719E-10
9.5238E-01	1.0181E-10	1.8536E-10
9.5437E-01	7.5421E-11	1.3732E-10
9.5635E-01	5.5135E-11	1.0038E-10
9.5834E-01	3.9725E-11	7.2327E-11
9.6032E-01	2.8170E-11	5.1288E-11
9.6230E-01	1.9628E-11	3.5737E-11
9.6429E-01	1.3413E-11	2.4421E-11
9.6627E-01	8.9692E-12	1.6330E-11
9.6826E-01	5.8538E-12	1.0658E-11
9.7024E-01	3.7172E-12	6.7679E-12
9.7222E-01	2.2878E-12	4.1656E-12
9.7421E-01	1.3586E-12	2.4736E-12
9.7619E-01	7.7388E-13	1.4090E-12
9.7818E-01	4.1983E-13	7.6440E-13
9.8016E-01	2.1489E-13	3.9127E-13
9.8214E-01	1.0252E-13	1.8666E-13
9.8413E-01	4.4835E-14	8.1634E-14
9.8611E-01	1.7560E-14	3.1973E-14
9.8810E-01	5.9532E-15	1.0839E-14
9.9008E-01	1.6570E-15	3.0170E-15
9.9206E-01	3.4655E-16	6.3099E-16
9.9405E-01	4.6132E-17	8.3996E-17
9.9603E-01	2.6925E-18	4.9025E-18
9.9802E-01	2.0976E-20	3.8193E-20
1.0000E+00	0.0000E+00	0.0000E+00
