x	s-sbar	delta
1.0000E-04	-1.8404E-58	2.4877E-34
1.0093E-04	-2.9423E-58	3.2335E-34
1.0186E-04	-4.6850E-58	4.1955E-34
1.0280E-04	-7.4304E-58	5.4349E-34
1.0375E-04	-1.1739E-57	7.0300E-34
1.0471E-04	-1.8475E-57	9.0813E-34
1.0568E-04	-2.8971E-57	1.1718E-33
1.0666E-04	-4.5266E-57	1.5108E-33
1.0765E-04	-7.0490E-57	1.9465E-33
1.0864E-04	-1.0942E-56	2.5072E-33
1.0965E-04	-1.6939E-56	3.2297E-33
1.1066E-04	-2.6159E-56	4.1621E-33
1.1169E-04	-4.0327E-56	5.3686E-33
1.1272E-04	-6.2112E-56	6.9345E-33
1.1376E-04	-9.5684E-56	8.9745E-33
1.1482E-04	-1.4765E-55	1.1644E-32
1.1588E-04	-2.2868E-55	1.5153E-32
1.1695E-04	-3.5635E-55	1.9793E-32
1.1803E-04	-5.6038E-55	2.5964E-32
1.1912E-04	-8.9236E-55	3.4222E-32
1.2023E-04	-1.4442E-54	4.5342E-32
1.2134E-04	-2.3836E-54	6.0413E-32
1.2246E-04	-4.0227E-54	8.0964E-32
1.2359E-04	-6.9516E-54	1.0915E-31
1.2474E-04	-1.2300E-53	1.4802E-31
1.2589E-04	-2.2244E-53	2.0187E-31
1.2706E-04	-4.0997E-53	2.7680E-31
1.2823E-04	-7.6730E-53	3.8141E-31
1.2942E-04	-1.4527E-52	5.2789E-31
1.3062E-04	-2.7725E-52	7.3342E-31
1.3183E-04	-5.3170E-52	1.0223E-30
1.3305E-04	-1.0220E-51	1.4286E-30
1.3428E-04	-1.9649E-51	2.0004E-30
1.3552E-04	-3.7729E-51	2.8050E-30
1.3677E-04	-7.2265E-51	3.9367E-30
1.3804E-04	-1.3795E-50	5.5270E-30
1.3932E-04	-2.6230E-50	7.7590E-30
1.4060E-04	-4.9655E-50	1.0887E-29
1.4191E-04	-9.3556E-50	1.5265E-29
1.4322E-04	-1.7540E-49	2.1378E-29
1.4454E-04	-3.2718E-49	2.9898E-29
1.4588E-04	-6.0713E-49	4.1748E-29
1.4723E-04	-1.1207E-48	5.8191E-29
1.4859E-04	-2.0580E-48	8.0952E-29
1.4997E-04	-3.7592E-48	1.1238E-28
1.5136E-04	-6.8307E-48	1.5568E-28
1.5276E-04	-1.2347E-47	2.1518E-28
1.5417E-04	-2.2201E-47	2.9672E-28
1.5560E-04	-3.9715E-47	4.0819E-28
1.5704E-04	-7.0679E-47	5.6017E-28
1.5849E-04	-1.2514E-46	7.6684E-28
1.5996E-04	-2.2046E-46	1.0472E-27
1.6144E-04	-3.8642E-46	1.4264E-27
1.6293E-04	-6.7396E-46	1.9381E-27
1.6444E-04	-1.1696E-45	2.6267E-27
1.6596E-04	-2.0200E-45	3.5510E-27
1.6749E-04	-3.4717E-45	4.7885E-27
1.6904E-04	-5.9380E-45	6.4411E-27
1.7061E-04	-1.0108E-44	8.6423E-27
1.7219E-04	-1.7126E-44	1.1567E-26
1.7378E-04	-2.8880E-44	1.5443E-26
1.7539E-04	-4.8476E-44	2.0567E-26
1.7701E-04	-8.0997E-44	2.7324E-26
1.7865E-04	-1.3472E-43	3.6212E-26
1.8030E-04	-2.2307E-43	4.7876E-26
1.8197E-04	-3.6771E-43	6.3144E-26
1.8365E-04	-6.0345E-43	8.3084E-26
1.8535E-04	-9.8601E-43	1.0906E-25
1.8707E-04	-1.6041E-42	1.4283E-25
1.8880E-04	-2.5985E-42	1.8661E-25
1.9055E-04	-4.1913E-42	2.4325E-25
1.9231E-04	-6.7321E-42	3.1636E-25
1.9409E-04	-1.0768E-41	4.1050E-25
1.9588E-04	-1.7152E-41	5.3147E-25
1.9770E-04	-2.7209E-41	6.8656E-25
1.9953E-04	-4.2987E-41	8.8494E-25
2.0137E-04	-6.7643E-41	1.1382E-24
2.0324E-04	-1.0602E-40	1.4606E-24
2.0512E-04	-1.6550E-40	1.8705E-24
2.0701E-04	-2.5735E-40	2.3902E-24
2.0893E-04	-3.9863E-40	3.0480E-24
2.1086E-04	-6.1510E-40	3.8786E-24
2.1281E-04	-9.4550E-40	4.9254E-24
2.1478E-04	-1.4479E-39	6.2420E-24
2.1677E-04	-2.2090E-39	7.8945E-24
2.1878E-04	-3.3578E-39	9.9644E-24
2.2080E-04	-5.0852E-39	1.2552E-23
2.2284E-04	-7.6733E-39	1.5781E-23
2.2491E-04	-1.1537E-38	1.9801E-23
2.2699E-04	-1.7285E-38	2.4799E-23
2.2909E-04	-2.5805E-38	3.0998E-23
2.3121E-04	-3.8389E-38	3.8675E-23
2.3335E-04	-5.6914E-38	4.8163E-23
2.3550E-04	-8.4088E-38	5.9868E-23
2.3768E-04	-1.2382E-37	7.4284E-23
2.3988E-04	-1.8170E-37	9.2005E-23
2.4210E-04	-2.6576E-37	1.1375E-22
2.4434E-04	-3.8741E-37	1.4040E-22
2.4660E-04	-5.6292E-37	1.7298E-22
2.4889E-04	-8.1530E-37	2.1276E-22
2.5119E-04	-1.1770E-36	2.6126E-22
2.5351E-04	-1.6939E-36	3.2028E-22
2.5586E-04	-2.4300E-36	3.9200E-22
2.5823E-04	-3.4752E-36	4.7900E-22
2.6062E-04	-4.9547E-36	5.8440E-22
2.6303E-04	-7.0424E-36	7.1189E-22
2.6546E-04	-9.9797E-36	8.6588E-22
2.6792E-04	-1.4100E-35	1.0516E-21
2.7040E-04	-1.9863E-35	1.2753E-21
2.7290E-04	-2.7899E-35	1.5444E-21
2.7542E-04	-3.9073E-35	1.8677E-21
2.7797E-04	-5.4567E-35	2.2555E-21
2.8054E-04	-7.5990E-35	2.7203E-21
2.8314E-04	-1.0553E-34	3.2766E-21
2.8576E-04	-1.4615E-34	3.9417E-21
2.8840E-04	-2.0186E-34	4.7361E-21
2.9107E-04	-2.7807E-34	5.6839E-21
2.9376E-04	-3.8204E-34	6.8136E-21
2.9648E-04	-5.2355E-34	8.1588E-21
2.9923E-04	-7.1566E-34	9.7594E-21
3.0200E-04	-9.7584E-34	1.1662E-20
3.0479E-04	-1.3274E-33	1.3922E-20
3.0761E-04	-1.8014E-33	1.6606E-20
3.1046E-04	-2.4391E-33	1.9788E-20
3.1333E-04	-3.2953E-33	2.3562E-20
3.1623E-04	-4.4426E-33	2.8033E-20
3.1915E-04	-5.9772E-33	3.3329E-20
3.2211E-04	-8.0263E-33	3.9599E-20
3.2509E-04	-1.0758E-32	4.7018E-20
3.2810E-04	-1.4396E-32	5.5795E-20
3.3113E-04	-1.9232E-32	6.6176E-20
3.3420E-04	-2.5657E-32	7.8450E-20
3.3729E-04	-3.4185E-32	9.2962E-20
3.4041E-04	-4.5497E-32	1.1012E-19
3.4356E-04	-6.0495E-32	1.3039E-19
3.4674E-04	-8.0380E-32	1.5435E-19
3.4995E-04	-1.0675E-31	1.8267E-19
3.5318E-04	-1.4172E-31	2.1615E-19
3.5645E-04	-1.8813E-31	2.5571E-19
3.5975E-04	-2.4979E-31	3.0247E-19
3.6308E-04	-3.3180E-31	3.5774E-19
3.6644E-04	-4.4102E-31	4.2308E-19
3.6983E-04	-5.8672E-31	5.0032E-19
3.7325E-04	-7.8143E-31	5.9164E-19
3.7670E-04	-1.0422E-30	6.9962E-19
3.8019E-04	-1.3920E-30	8.2729E-19
3.8371E-04	-1.8625E-30	9.7826E-19
3.8726E-04	-2.4966E-30	1.1568E-18
3.9084E-04	-3.3530E-30	1.3679E-18
3.9446E-04	-4.5123E-30	1.6175E-18
3.9811E-04	-6.0845E-30	1.9126E-18
4.0179E-04	-8.2210E-30	2.2616E-18
4.0551E-04	-1.1129E-29	2.6740E-18
4.0926E-04	-1.5093E-29	3.1615E-18
4.1305E-04	-2.0503E-29	3.7376E-18
4.1687E-04	-2.7895E-29	4.4181E-18
4.2073E-04	-3.8000E-29	5.2219E-18
4.2462E-04	-5.1823E-29	6.1709E-18
4.2855E-04	-7.0735E-29	7.2909E-18
4.3251E-04	-9.6609E-29	8.6123E-18
4.3652E-04	-1.3200E-28	1.0170E-17
4.4055E-04	-1.8038E-28	1.2007E-17
4.4463E-04	-2.4647E-28	1.4171E-17
4.4875E-04	-3.3668E-28	1.6718E-17
4.5290E-04	-4.5967E-28	1.9716E-17
4.5709E-04	-6.2716E-28	2.3241E-17
4.6132E-04	-8.5490E-28	2.7385E-17
4.6559E-04	-1.1641E-27	3.2251E-17
4.6989E-04	-1.5833E-27	3.7962E-17
4.7424E-04	-2.1505E-27	4.4660E-17
4.7863E-04	-2.9167E-27	5.2509E-17
4.8306E-04	-3.9497E-27	6.1700E-17
4.8753E-04	-5.3395E-27	7.2455E-17
4.9204E-04	-7.2059E-27	8.5029E-17
4.9659E-04	-9.7068E-27	9.9718E-17
5.0119E-04	-1.3051E-26	1.1686E-16
5.0582E-04	-1.7514E-26	1.3686E-16
5.1050E-04	-2.3455E-26	1.6016E-16
5.1523E-04	-3.1350E-26	1.8729E-16
5.2000E-04	-4.1814E-26	1.3294E-16
5.2481E-04	-5.5657E-26	2.5551E-16
5.2966E-04	-7.3926E-26	2.9810E-16
5.3456E-04	-9.7985E-26	3.4750E-16
5.3951E-04	-1.2960E-25	4.0477E-16
5.4450E-04	-1.7105E-25	4.7110E-16
5.4954E-04	-2.2527E-25	5.4784E-16
5.5463E-04	-2.9604E-25	6.3657E-16
5.5976E-04	-3.8823E-25	7.3907E-16
5.6494E-04	-5.0805E-25	8.5736E-16
5.7016E-04	-6.6344E-25	9.9376E-16
5.7544E-04	-8.6454E-25	1.1509E-15
5.8076E-04	-1.1242E-24	1.3318E-15
5.8614E-04	-1.4589E-24	1.5399E-15
5.9156E-04	-1.8893E-24	1.7790E-15
5.9704E-04	-2.4417E-24	2.0536E-15
6.0256E-04	-3.1492E-24	2.3687E-15
6.0814E-04	-4.0536E-24	2.7299E-15
6.1376E-04	-5.2073E-24	3.1437E-15
6.1944E-04	-6.6764E-24	3.6173E-15
6.2517E-04	-8.5433E-24	4.1590E-15
6.3096E-04	-1.0911E-23	4.7781E-15
6.3680E-04	-1.3910E-23	5.4851E-15
6.4269E-04	-1.7699E-23	6.2920E-15
6.4863E-04	-2.2479E-23	7.2122E-15
6.5464E-04	-2.8499E-23	8.2607E-15
6.6069E-04	-3.6067E-23	9.4548E-15
6.6681E-04	-4.5566E-23	1.0814E-14
6.7298E-04	-5.7469E-23	1.2359E-14
6.7920E-04	-7.2359E-23	1.4115E-14
6.8549E-04	-9.0958E-23	1.6109E-14
6.9183E-04	-1.1416E-22	1.8373E-14
6.9823E-04	-1.4304E-22	2.0940E-14
7.0469E-04	-1.7897E-22	2.3851E-14
7.1121E-04	-2.2358E-22	2.7148E-14
7.1779E-04	-2.7891E-22	3.0881E-14
7.2444E-04	-3.4744E-22	3.5104E-14
7.3114E-04	-4.3221E-22	3.9881E-14
7.3790E-04	-5.3695E-22	4.5279E-14
7.4473E-04	-6.6621E-22	5.1377E-14
7.5162E-04	-8.2555E-22	5.8262E-14
7.5858E-04	-1.0218E-21	6.6030E-14
7.6560E-04	-1.2632E-21	7.4790E-14
7.7268E-04	-1.5598E-21	8.4664E-14
7.7983E-04	-1.9241E-21	9.5788E-14
7.8705E-04	-2.3710E-21	1.0831E-13
7.9433E-04	-2.9187E-21	1.2241E-13
8.0168E-04	-3.5896E-21	1.3826E-13
8.0910E-04	-4.4107E-21	1.5609E-13
8.1658E-04	-5.4150E-21	1.7612E-13
8.2414E-04	-6.6423E-21	1.9862E-13
8.3176E-04	-8.1415E-21	2.2388E-13
8.3946E-04	-9.9715E-21	2.5223E-13
8.4723E-04	-1.2204E-20	2.8402E-13
8.5507E-04	-1.4926E-20	3.1966E-13
8.6298E-04	-1.8244E-20	3.5960E-13
8.7096E-04	-2.2285E-20	4.0433E-13
8.7902E-04	-2.7205E-20	4.5441E-13
8.8716E-04	-3.3193E-20	5.1045E-13
8.9536E-04	-4.0477E-20	5.7313E-13
9.0365E-04	-4.9333E-20	6.4321E-13
9.1201E-04	-6.0096E-20	7.2152E-13
9.2045E-04	-7.3172E-20	8.0900E-13
9.2897E-04	-8.9050E-20	9.0667E-13
9.3756E-04	-1.0832E-19	1.0157E-12
9.4624E-04	-1.3171E-19	1.1373E-12
9.5499E-04	-1.6006E-19	1.2728E-12
9.6383E-04	-1.9444E-19	1.4240E-12
9.7275E-04	-2.3608E-19	1.5923E-12
9.8175E-04	-2.8652E-19	1.7798E-12
9.9083E-04	-3.4756E-19	1.9885E-12
1.0000E-03	-4.2141E-19	2.2206E-12
1.0093E-03	-5.1071E-19	2.4788E-12
1.0186E-03	-6.1862E-19	2.7659E-12
1.0280E-03	-7.4895E-19	3.0848E-12
1.0375E-03	-9.0627E-19	3.4390E-12
1.0471E-03	-1.0960E-18	3.8323E-12
1.0568E-03	-1.3248E-18	4.2687E-12
1.0666E-03	-1.6004E-18	4.7528E-12
1.0765E-03	-1.9323E-18	5.2884E-12
1.0864E-03	-2.3315E-18	5.8847E-12
1.0965E-03	-2.8114E-18	6.5449E-12
1.1066E-03	-3.3880E-18	7.2764E-12
1.1169E-03	-4.0802E-18	8.0860E-12
1.1272E-03	-4.9105E-18	8.9817E-12
1.1376E-03	-5.9057E-18	9.9724E-12
1.1482E-03	-7.0976E-18	1.1067E-11
1.1588E-03	-8.5239E-18	1.2278E-11
1.1695E-03	-1.0229E-17	1.3614E-11
1.1803E-03	-1.2267E-17	1.5089E-11
1.1912E-03	-1.4699E-17	1.6718E-11
1.2023E-03	-1.7600E-17	1.8514E-11
1.2134E-03	-2.1056E-17	2.0494E-11
1.2246E-03	-2.5172E-17	2.2677E-11
1.2359E-03	-3.0069E-17	2.5081E-11
1.2474E-03	-3.5889E-17	2.7729E-11
1.2589E-03	-4.2800E-17	3.0644E-11
1.2706E-03	-5.1001E-17	3.3851E-11
1.2823E-03	-6.0724E-17	3.7379E-11
1.2942E-03	-7.2240E-17	4.1257E-11
1.3062E-03	-8.5868E-17	4.5518E-11
1.3183E-03	-1.0198E-16	5.0200E-11
1.3305E-03	-1.2102E-16	5.5341E-11
1.3428E-03	-1.4350E-16	6.0984E-11
1.3552E-03	-1.7000E-16	6.7175E-11
1.3677E-03	-2.0124E-16	7.3965E-11
1.3804E-03	-2.3802E-16	8.1409E-11
1.3932E-03	-2.8129E-16	8.9567E-11
1.4060E-03	-3.3215E-16	9.8504E-11
1.4191E-03	-3.9189E-16	1.0829E-10
1.4322E-03	-4.6199E-16	1.1900E-10
1.4454E-03	-5.4420E-16	1.3072E-10
1.4588E-03	-6.4053E-16	1.4354E-10
1.4723E-03	-7.5330E-16	1.5756E-10
1.4859E-03	-8.8524E-16	1.7288E-10
1.4997E-03	-1.0395E-15	1.8961E-10
1.5136E-03	-1.2196E-15	2.0789E-10
1.5276E-03	-1.4299E-15	2.2784E-10
1.5417E-03	-1.6751E-15	2.4961E-10
1.5560E-03	-1.9610E-15	2.7336E-10
1.5704E-03	-2.2939E-15	2.9926E-10
1.5849E-03	-2.6813E-15	3.2749E-10
1.5996E-03	-3.1318E-15	3.5825E-10
1.6144E-03	-3.6554E-15	3.9176E-10
1.6293E-03	-4.2635E-15	4.2824E-10
1.6444E-03	-4.9692E-15	4.6795E-10
1.6596E-03	-5.7876E-15	5.1116E-10
1.6749E-03	-6.7361E-15	5.5815E-10
1.6904E-03	-7.8347E-15	6.0925E-10
1.7061E-03	-9.1061E-15	6.6479E-10
1.7219E-03	-9.3290E-15	7.2513E-10
1.7378E-03	-1.2277E-14	7.9066E-10
1.7539E-03	-1.4241E-14	8.6181E-10
1.7701E-03	-1.6508E-14	9.3904E-10
1.7865E-03	-1.9123E-14	1.0228E-09
1.8030E-03	-2.2138E-14	1.1137E-09
1.8197E-03	-2.5613E-14	1.2122E-09
1.8365E-03	-2.9614E-14	1.3190E-09
1.8535E-03	-3.4218E-14	1.4347E-09
1.8707E-03	-3.9514E-14	1.5600E-09
1.8880E-03	-4.5601E-14	1.6957E-09
1.9055E-03	-5.2593E-14	1.8426E-09
1.9231E-03	-6.0620E-14	2.0015E-09
1.9409E-03	-6.9829E-14	2.1734E-09
1.9588E-03	-8.0390E-14	2.3592E-09
1.9770E-03	-9.2492E-14	2.5601E-09
1.9953E-03	-1.0635E-13	2.7771E-09
2.0137E-03	-1.2222E-13	3.0116E-09
2.0324E-03	-1.4036E-13	3.2648E-09
2.0512E-03	-1.6111E-13	3.5381E-09
2.0701E-03	-1.8482E-13	3.8331E-09
2.0893E-03	-2.1190E-13	4.1513E-09
2.1086E-03	-2.4280E-13	4.4944E-09
2.1281E-03	-2.7804E-13	4.8644E-09
2.1478E-03	-3.1822E-13	5.2631E-09
2.1677E-03	-3.6400E-13	5.6926E-09
2.1878E-03	-4.1613E-13	6.1553E-09
2.2080E-03	-4.7545E-13	6.6535E-09
2.2284E-03	-5.4293E-13	7.1897E-09
2.2491E-03	-6.1963E-13	7.7667E-09
2.2699E-03	-7.0678E-13	8.3874E-09
2.2909E-03	-8.0574E-13	9.0549E-09
2.3121E-03	-9.1804E-13	9.7725E-09
2.3335E-03	-1.0454E-12	1.0544E-08
2.3550E-03	-1.1898E-12	1.1372E-08
2.3768E-03	-1.3534E-12	1.2262E-08
2.3988E-03	-1.5387E-12	1.3218E-08
2.4210E-03	-1.7484E-12	1.4244E-08
2.4434E-03	-1.9855E-12	1.5344E-08
2.4660E-03	-2.2536E-12	1.6525E-08
2.4889E-03	-2.5566E-12	1.7792E-08
2.5119E-03	-2.8987E-12	1.9149E-08
2.5351E-03	-3.2848E-12	2.0605E-08
2.5586E-03	-3.7204E-12	2.2164E-08
2.5823E-03	-4.2116E-12	2.3834E-08
2.6062E-03	-4.7650E-12	2.5623E-08
2.6303E-03	-5.3884E-12	2.7538E-08
2.6546E-03	-6.0925E-12	2.9587E-08
2.6792E-03	-6.8823E-12	3.1780E-08
2.7040E-03	-7.7705E-12	3.4126E-08
2.7290E-03	-8.7688E-12	3.6634E-08
2.7542E-03	-9.8901E-12	3.9315E-08
2.7797E-03	-1.1149E-11	4.2181E-08
2.8054E-03	-1.2562E-11	4.5243E-08
2.8314E-03	-1.4147E-11	4.8513E-08
2.8576E-03	-1.5923E-11	5.2006E-08
2.8840E-03	-1.7913E-11	5.5734E-08
2.9107E-03	-2.0143E-11	5.9713E-08
2.9376E-03	-2.2638E-11	6.3958E-08
2.9648E-03	-2.5429E-11	6.8486E-08
2.9923E-03	-2.8551E-11	7.3315E-08
3.0200E-03	-3.2039E-11	7.8463E-08
3.0479E-03	-3.5937E-11	8.3949E-08
3.0761E-03	-4.0288E-11	8.9795E-08
3.1046E-03	-4.5145E-11	9.6022E-08
3.1333E-03	-5.0562E-11	1.0265E-07
3.1623E-03	-5.6602E-11	1.0971E-07
3.1915E-03	-6.3333E-11	1.1723E-07
3.2211E-03	-7.0830E-11	1.2523E-07
3.2509E-03	-7.9177E-11	1.3373E-07
3.2810E-03	-8.8465E-11	1.4278E-07
3.3113E-03	-9.8796E-11	1.5240E-07
3.3420E-03	-1.1028E-10	1.6262E-07
3.3729E-03	-1.2304E-10	1.7349E-07
3.4041E-03	-1.3722E-10	1.8504E-07
3.4356E-03	-1.5296E-10	1.9730E-07
3.4674E-03	-1.7042E-10	2.1032E-07
3.4995E-03	-1.8979E-10	2.2414E-07
3.5318E-03	-2.1127E-10	2.3881E-07
3.5645E-03	-2.3506E-10	2.5438E-07
3.5975E-03	-2.6142E-10	2.7090E-07
3.6308E-03	-2.9060E-10	2.8841E-07
3.6644E-03	-3.2289E-10	3.0698E-07
3.6983E-03	-3.5861E-10	3.2667E-07
3.7325E-03	-3.9811E-10	3.4753E-07
3.7670E-03	-4.4175E-10	3.6964E-07
3.8019E-03	-4.8997E-10	3.9305E-07
3.8371E-03	-5.4320E-10	4.1785E-07
3.8726E-03	-6.0195E-10	4.4410E-07
3.9084E-03	-6.6677E-10	4.7189E-07
3.9446E-03	-7.3825E-10	5.0129E-07
3.9811E-03	-8.1703E-10	5.3240E-07
4.0179E-03	-9.0382E-10	5.6531E-07
4.0551E-03	-9.9941E-10	6.0010E-07
4.0926E-03	-1.1046E-09	6.3689E-07
4.1305E-03	-1.2204E-09	6.7578E-07
4.1687E-03	-1.3478E-09	7.1687E-07
4.2073E-03	-1.4878E-09	7.6028E-07
4.2462E-03	-1.6416E-09	8.0613E-07
4.2855E-03	-1.8106E-09	8.5455E-07
4.3251E-03	-1.9962E-09	9.0567E-07
4.3652E-03	-2.1998E-09	9.5963E-07
4.4055E-03	-2.4233E-09	1.0166E-06
4.4463E-03	-2.6683E-09	1.0766E-06
4.4875E-03	-2.9370E-09	1.1400E-06
4.5290E-03	-3.2313E-09	1.2068E-06
4.5709E-03	-3.5537E-09	1.2773E-06
4.6132E-03	-3.9067E-09	1.3515E-06
4.6559E-03	-4.2930E-09	1.4298E-06
4.6989E-03	-4.7156E-09	1.5122E-06
4.7424E-03	-5.1777E-09	1.5991E-06
4.7863E-03	-5.6828E-09	1.6906E-06
4.8306E-03	-6.2348E-09	1.7869E-06
4.8753E-03	-6.8377E-09	1.8883E-06
4.9204E-03	-7.4959E-09	1.9950E-06
4.9659E-03	-8.2143E-09	2.1073E-06
5.0119E-03	-8.9980E-09	2.2254E-06
5.0582E-03	-9.8527E-09	2.3496E-06
5.1050E-03	-1.0784E-08	2.4802E-06
5.1523E-03	-1.1800E-08	2.6176E-06
5.2000E-03	-1.2905E-08	2.7619E-06
5.2481E-03	-1.4110E-08	2.9136E-06
5.2966E-03	-1.5420E-08	3.0730E-06
5.3456E-03	-1.6846E-08	3.2405E-06
5.3951E-03	-1.8397E-08	3.4163E-06
5.4450E-03	-2.0083E-08	3.6010E-06
5.4954E-03	-2.1915E-08	3.7948E-06
5.5463E-03	-2.3906E-08	3.9982E-06
5.5976E-03	-2.6068E-08	4.2117E-06
5.6494E-03	-2.8415E-08	4.4357E-06
5.7016E-03	-3.0962E-08	4.6706E-06
5.7544E-03	-3.3725E-08	4.9170E-06
5.8076E-03	-3.6721E-08	5.1753E-06
5.8614E-03	-3.9969E-08	5.4461E-06
5.9156E-03	-4.3488E-08	5.7299E-06
5.9704E-03	-4.7300E-08	6.0273E-06
6.0256E-03	-5.1428E-08	6.3389E-06
6.0814E-03	-5.5896E-08	6.6652E-06
6.1376E-03	-6.0730E-08	7.0070E-06
6.1944E-03	-6.5960E-08	7.3649E-06
6.2517E-03	-7.1614E-08	7.7395E-06
6.3096E-03	-7.7727E-08	8.1316E-06
6.3680E-03	-8.4331E-08	8.5418E-06
6.4269E-03	-9.1464E-08	8.9711E-06
6.4863E-03	-9.9167E-08	9.4201E-06
6.5464E-03	-1.0748E-07	9.8897E-06
6.6069E-03	-1.1645E-07	1.0381E-05
6.6681E-03	-1.2613E-07	1.0894E-05
6.7298E-03	-1.3656E-07	1.1430E-05
6.7920E-03	-1.4781E-07	1.1991E-05
6.8549E-03	-1.5993E-07	1.2577E-05
6.9183E-03	-1.7299E-07	1.3189E-05
6.9823E-03	-1.8705E-07	1.3828E-05
7.0469E-03	-2.0218E-07	1.4495E-05
7.1121E-03	-2.1847E-07	1.5192E-05
7.1779E-03	-2.3598E-07	1.5920E-05
7.2444E-03	-2.5482E-07	1.6679E-05
7.3114E-03	-2.7508E-07	1.7471E-05
7.3790E-03	-2.9684E-07	1.8297E-05
7.4473E-03	-3.2023E-07	1.9159E-05
7.5162E-03	-3.4534E-07	2.0058E-05
7.5858E-03	-3.7231E-07	2.0995E-05
7.6560E-03	-4.0125E-07	2.1972E-05
7.7268E-03	-4.3230E-07	2.2991E-05
7.7983E-03	-4.6560E-07	2.4052E-05
7.8705E-03	-5.0132E-07	2.5158E-05
7.9433E-03	-5.3960E-07	2.6310E-05
8.0168E-03	-5.8062E-07	2.7510E-05
8.0910E-03	-6.2456E-07	2.8760E-05
8.1658E-03	-6.7162E-07	3.0061E-05
8.2414E-03	-7.2200E-07	3.1416E-05
8.3176E-03	-7.7592E-07	3.2826E-05
8.3946E-03	-8.3360E-07	3.4293E-05
8.4723E-03	-8.9530E-07	3.5819E-05
8.5507E-03	-9.6128E-07	3.7407E-05
8.6298E-03	-1.0318E-06	3.9059E-05
8.7096E-03	-1.1071E-06	4.0777E-05
8.7902E-03	-1.1876E-06	4.2563E-05
8.8716E-03	-1.2736E-06	4.4420E-05
8.9536E-03	-1.3654E-06	4.6349E-05
9.0365E-03	-1.4633E-06	4.8355E-05
9.1201E-03	-1.5679E-06	5.0439E-05
9.2045E-03	-1.6793E-06	5.2603E-05
9.2897E-03	-1.7982E-06	5.4852E-05
9.3756E-03	-1.9249E-06	5.7187E-05
9.4624E-03	-2.0600E-06	5.9612E-05
9.5499E-03	-2.2039E-06	6.2129E-05
9.6383E-03	-2.3571E-06	6.4741E-05
9.7275E-03	-2.5203E-06	6.7453E-05
9.8175E-03	-2.6939E-06	7.0266E-05
9.9083E-03	-2.8787E-06	7.3185E-05
1.0000E-02	-3.0754E-06	7.6213E-05
1.1984E-02	-1.0644E-05	1.6367E-04
1.3968E-02	-2.8095E-05	2.9843E-04
1.5952E-02	-6.1613E-05	4.8613E-04
1.7936E-02	-1.1824E-04	7.2966E-04
1.9920E-02	-2.0533E-04	1.0296E-03
2.1904E-02	-3.3006E-04	1.3847E-03
2.3888E-02	-4.9907E-04	1.7921E-03
2.5872E-02	-7.1817E-04	2.2480E-03
2.7856E-02	-9.9220E-04	2.7478E-03
2.9840E-02	-1.3249E-03	3.2864E-03
3.1824E-02	-1.7190E-03	3.8580E-03
3.3808E-02	-2.1761E-03	4.4570E-03
3.5792E-02	-2.6966E-03	5.0775E-03
3.7776E-02	-3.2803E-03	5.7136E-03
3.9760E-02	-3.9260E-03	6.3595E-03
4.1743E-02	-4.6316E-03	7.0097E-03
4.3727E-02	-5.3945E-03	7.6586E-03
4.5711E-02	-6.2115E-03	8.3011E-03
4.7695E-02	-7.0788E-03	8.9321E-03
4.9679E-02	-7.9925E-03	9.5471E-03
5.1663E-02	-8.9482E-03	1.0142E-02
5.3647E-02	-9.9412E-03	1.0712E-02
5.5631E-02	-1.0967E-02	1.1255E-02
5.7615E-02	-1.2020E-02	1.1766E-02
5.9599E-02	-1.3097E-02	1.2243E-02
6.1583E-02	-1.4191E-02	1.2684E-02
6.3567E-02	-1.5299E-02	1.3086E-02
6.5551E-02	-1.6414E-02	1.3447E-02
6.7535E-02	-1.7534E-02	1.3766E-02
6.9519E-02	-1.8653E-02	1.4042E-02
7.1503E-02	-1.9767E-02	1.4275E-02
7.3487E-02	-2.0872E-02	1.4463E-02
7.5471E-02	-2.1964E-02	1.4607E-02
7.7455E-02	-2.3039E-02	1.4707E-02
7.9439E-02	-2.4093E-02	1.4763E-02
8.1423E-02	-2.5124E-02	1.4776E-02
8.3407E-02	-2.6128E-02	1.4748E-02
8.5391E-02	-2.7102E-02	1.4678E-02
8.7375E-02	-2.8044E-02	1.4570E-02
8.9359E-02	-2.8951E-02	1.4423E-02
9.1343E-02	-2.9821E-02	1.4241E-02
9.3327E-02	-3.0652E-02	1.4024E-02
9.5311E-02	-3.1442E-02	1.3776E-02
9.7295E-02	-3.2190E-02	1.3498E-02
9.9279E-02	-3.2894E-02	1.3192E-02
1.0126E-01	-3.3553E-02	1.2862E-02
1.0325E-01	-3.4166E-02	1.2509E-02
1.0523E-01	-3.4732E-02	1.2136E-02
1.0721E-01	-3.5250E-02	1.1746E-02
1.0920E-01	-3.5720E-02	1.1341E-02
1.1118E-01	-3.6142E-02	1.0924E-02
1.1317E-01	-3.6515E-02	1.0497E-02
1.1515E-01	-3.6839E-02	1.0064E-02
1.1713E-01	-3.7115E-02	9.6275E-03
1.1912E-01	-3.7342E-02	9.1896E-03
1.2110E-01	-3.7520E-02	8.7533E-03
1.2309E-01	-3.7651E-02	8.3216E-03
1.2507E-01	-3.7734E-02	7.8972E-03
1.2705E-01	-3.7770E-02	7.4830E-03
1.2904E-01	-3.7760E-02	7.0818E-03
1.3102E-01	-3.7705E-02	6.6965E-03
1.3301E-01	-3.7605E-02	6.3300E-03
1.3499E-01	-3.7461E-02	5.9850E-03
1.3697E-01	-3.7274E-02	5.6643E-03
1.3896E-01	-3.7045E-02	5.3704E-03
1.4094E-01	-3.6776E-02	5.1055E-03
1.4293E-01	-3.6467E-02	4.8716E-03
1.4491E-01	-3.6119E-02	4.6698E-03
1.4689E-01	-3.5734E-02	4.5007E-03
1.4888E-01	-3.5313E-02	4.3641E-03
1.5086E-01	-3.4856E-02	4.2588E-03
1.5285E-01	-3.4366E-02	4.1826E-03
1.5483E-01	-3.3844E-02	4.1328E-03
1.5681E-01	-3.3290E-02	4.1058E-03
1.5880E-01	-3.2706E-02	4.0979E-03
1.6078E-01	-3.2094E-02	4.1050E-03
1.6277E-01	-3.1455E-02	4.1233E-03
1.6475E-01	-3.0790E-02	4.1491E-03
1.6673E-01	-3.0100E-02	4.1789E-03
1.6872E-01	-2.9387E-02	4.2099E-03
1.7070E-01	-2.8651E-02	4.2394E-03
1.7269E-01	-2.7896E-02	4.2653E-03
1.7467E-01	-2.7120E-02	4.2858E-03
1.7665E-01	-2.6327E-02	4.2994E-03
1.7864E-01	-2.5517E-02	4.3050E-03
1.8062E-01	-2.4692E-02	4.3016E-03
1.8261E-01	-2.3852E-02	4.2887E-03
1.8459E-01	-2.2999E-02	4.2658E-03
1.8657E-01	-2.2134E-02	4.2326E-03
1.8856E-01	-2.1259E-02	4.1889E-03
1.9054E-01	-2.0374E-02	4.1349E-03
1.9253E-01	-1.9480E-02	4.0706E-03
1.9451E-01	-1.8580E-02	3.9962E-03
1.9649E-01	-1.7673E-02	3.9121E-03
1.9848E-01	-1.6762E-02	3.8186E-03
2.0046E-01	-1.5846E-02	3.7161E-03
2.0244E-01	-1.4928E-02	3.6051E-03
2.0443E-01	-1.4007E-02	3.4862E-03
2.0641E-01	-1.3086E-02	3.3599E-03
2.0840E-01	-1.2165E-02	3.2267E-03
2.1038E-01	-1.1244E-02	3.0873E-03
2.1236E-01	-1.0326E-02	2.9424E-03
2.1435E-01	-9.4099E-03	2.7926E-03
2.1633E-01	-8.4976E-03	2.6385E-03
2.1832E-01	-7.5896E-03	2.4810E-03
2.2030E-01	-6.6868E-03	2.3207E-03
2.2228E-01	-5.7900E-03	2.1584E-03
2.2427E-01	-4.8998E-03	1.9950E-03
2.2625E-01	-4.0169E-03	1.8313E-03
2.2824E-01	-3.1421E-03	1.6685E-03
2.3022E-01	-2.2760E-03	1.5077E-03
2.3220E-01	-1.4192E-03	1.3503E-03
2.3419E-01	-5.7229E-04	1.1983E-03
2.3617E-01	2.6412E-04	1.0543E-03
2.3816E-01	1.0895E-03	9.2191E-04
2.4014E-01	1.9034E-03	8.0628E-04
2.4212E-01	2.7052E-03	7.1456E-04
2.4411E-01	3.4945E-03	6.5527E-04
2.4609E-01	4.2709E-03	6.3551E-04
2.4808E-01	5.0339E-03	6.5653E-04
2.5006E-01	5.7832E-03	7.1233E-04
2.5204E-01	6.5184E-03	7.9328E-04
2.5403E-01	7.2391E-03	8.9031E-04
2.5601E-01	7.9451E-03	9.9661E-04
2.5800E-01	8.6360E-03	1.1076E-03
2.5998E-01	9.3115E-03	1.2201E-03
2.6196E-01	9.9715E-03	1.3321E-03
2.6395E-01	1.0616E-02	1.4421E-03
2.6593E-01	1.1244E-02	1.5493E-03
2.6792E-01	1.1856E-02	1.6527E-03
2.6990E-01	1.2451E-02	1.7520E-03
2.7188E-01	1.3030E-02	1.8467E-03
2.7387E-01	1.3593E-02	1.9366E-03
2.7585E-01	1.4138E-02	2.0214E-03
2.7784E-01	1.4667E-02	2.1011E-03
2.7982E-01	1.5179E-02	2.1755E-03
2.8180E-01	1.5674E-02	2.2446E-03
2.8379E-01	1.6151E-02	2.3085E-03
2.8577E-01	1.6612E-02	2.3671E-03
2.8776E-01	1.7056E-02	2.4205E-03
2.8974E-01	1.7483E-02	2.4689E-03
2.9172E-01	1.7893E-02	2.5124E-03
2.9371E-01	1.8286E-02	2.5511E-03
2.9569E-01	1.8662E-02	2.5853E-03
2.9768E-01	1.9021E-02	2.6151E-03
2.9966E-01	1.9363E-02	2.6407E-03
3.0164E-01	1.9689E-02	2.6625E-03
3.0363E-01	1.9998E-02	2.6808E-03
3.0561E-01	2.0291E-02	2.6957E-03
3.0760E-01	2.0568E-02	2.7078E-03
3.0958E-01	2.0828E-02	2.7172E-03
3.1156E-01	2.1073E-02	2.7243E-03
3.1355E-01	2.1301E-02	2.7297E-03
3.1553E-01	2.1514E-02	2.7335E-03
3.1752E-01	2.1712E-02	2.7363E-03
3.1950E-01	2.1894E-02	2.7384E-03
3.2148E-01	2.2061E-02	2.7403E-03
3.2347E-01	2.2214E-02	2.7424E-03
3.2545E-01	2.2351E-02	2.7451E-03
3.2743E-01	2.2474E-02	2.7488E-03
3.2942E-01	2.2584E-02	2.7540E-03
3.3140E-01	2.2679E-02	2.7610E-03
3.3339E-01	2.2760E-02	2.7702E-03
3.3537E-01	2.2828E-02	2.7819E-03
3.3735E-01	2.2883E-02	2.7964E-03
3.3934E-01	2.2924E-02	2.8140E-03
3.4132E-01	2.2953E-02	2.8350E-03
3.4331E-01	2.2970E-02	2.8594E-03
3.4529E-01	2.2974E-02	2.8874E-03
3.4727E-01	2.2967E-02	2.9192E-03
3.4926E-01	2.2948E-02	2.9547E-03
3.5124E-01	2.2917E-02	2.9939E-03
3.5323E-01	2.2875E-02	3.0368E-03
3.5521E-01	2.2823E-02	3.0833E-03
3.5719E-01	2.2760E-02	3.1333E-03
3.5918E-01	2.2687E-02	3.1865E-03
3.6116E-01	2.2604E-02	3.2428E-03
3.6315E-01	2.2511E-02	3.3020E-03
3.6513E-01	2.2409E-02	3.3638E-03
3.6711E-01	2.2298E-02	3.4280E-03
3.6910E-01	2.2178E-02	3.4943E-03
3.7108E-01	2.2050E-02	3.5625E-03
3.7307E-01	2.1913E-02	3.6322E-03
3.7505E-01	2.1769E-02	3.7033E-03
3.7703E-01	2.1616E-02	3.7754E-03
3.7902E-01	2.1457E-02	3.8482E-03
3.8100E-01	2.1290E-02	3.9216E-03
3.8299E-01	2.1117E-02	3.9952E-03
3.8497E-01	2.0937E-02	4.0688E-03
3.8695E-01	2.0750E-02	4.1422E-03
3.8894E-01	2.0558E-02	4.2151E-03
3.9092E-01	2.0360E-02	4.2874E-03
3.9291E-01	2.0157E-02	4.3587E-03
3.9489E-01	1.9949E-02	4.4291E-03
3.9687E-01	1.9735E-02	4.4981E-03
3.9886E-01	1.9518E-02	4.5657E-03
4.0084E-01	1.9295E-02	4.6317E-03
4.0283E-01	1.9069E-02	4.6960E-03
4.0481E-01	1.8839E-02	4.7583E-03
4.0679E-01	1.8605E-02	4.8187E-03
4.0878E-01	1.8368E-02	4.8768E-03
4.1076E-01	1.8127E-02	4.9327E-03
4.1275E-01	1.7884E-02	4.9863E-03
4.1473E-01	1.7638E-02	5.0373E-03
4.1671E-01	1.7390E-02	5.0858E-03
4.1870E-01	1.7140E-02	5.1317E-03
4.2068E-01	1.6887E-02	5.1749E-03
4.2267E-01	1.6633E-02	5.2153E-03
4.2465E-01	1.6378E-02	5.2528E-03
4.2663E-01	1.6121E-02	5.2876E-03
4.2862E-01	1.5863E-02	5.3194E-03
4.3060E-01	1.5604E-02	5.3482E-03
4.3259E-01	1.5344E-02	5.3742E-03
4.3457E-01	1.5084E-02	5.3971E-03
4.3655E-01	1.4823E-02	5.4170E-03
4.3854E-01	1.4562E-02	5.4340E-03
4.4052E-01	1.4301E-02	5.4479E-03
4.4251E-01	1.4041E-02	5.4589E-03
4.4449E-01	1.3781E-02	5.4668E-03
4.4647E-01	1.3521E-02	5.4718E-03
4.4846E-01	1.3262E-02	5.4739E-03
4.5044E-01	1.3004E-02	5.4730E-03
4.5242E-01	1.2746E-02	5.4693E-03
4.5441E-01	1.2490E-02	5.4627E-03
4.5639E-01	1.2235E-02	5.4533E-03
4.5838E-01	1.1982E-02	5.4411E-03
4.6036E-01	1.1730E-02	5.4261E-03
4.6234E-01	1.1479E-02	5.4085E-03
4.6433E-01	1.1231E-02	5.3883E-03
4.6631E-01	1.0984E-02	5.3655E-03
4.6830E-01	1.0739E-02	5.3402E-03
4.7028E-01	1.0496E-02	5.3124E-03
4.7226E-01	1.0256E-02	5.2823E-03
4.7425E-01	1.0017E-02	5.2498E-03
4.7623E-01	9.7816E-03	5.2151E-03
4.7822E-01	9.5481E-03	5.1782E-03
4.8020E-01	9.3173E-03	5.1391E-03
4.8218E-01	9.0890E-03	5.0981E-03
4.8417E-01	8.8634E-03	5.0550E-03
4.8615E-01	8.6406E-03	5.0101E-03
4.8814E-01	8.4206E-03	4.9633E-03
4.9012E-01	8.2035E-03	4.9148E-03
4.9210E-01	7.9893E-03	4.8646E-03
4.9409E-01	7.7781E-03	4.8128E-03
4.9607E-01	7.5700E-03	4.7595E-03
4.9806E-01	7.3649E-03	4.7048E-03
5.0004E-01	7.1630E-03	4.6487E-03
5.0202E-01	6.9643E-03	4.5914E-03
5.0401E-01	6.7687E-03	4.5328E-03
5.0599E-01	6.5764E-03	4.4731E-03
5.0798E-01	6.3874E-03	4.4124E-03
5.0996E-01	6.2016E-03	4.3506E-03
5.1194E-01	6.0191E-03	4.2880E-03
5.1393E-01	5.8400E-03	4.2246E-03
5.1591E-01	5.6642E-03	4.1604E-03
5.1790E-01	5.4917E-03	4.0955E-03
5.1988E-01	5.3226E-03	4.0300E-03
5.2186E-01	5.1568E-03	3.9640E-03
5.2385E-01	4.9944E-03	3.8975E-03
5.2583E-01	4.8353E-03	3.8306E-03
5.2782E-01	4.6796E-03	3.7634E-03
5.2980E-01	4.5272E-03	3.6959E-03
5.3178E-01	4.3781E-03	3.6282E-03
5.3377E-01	4.2324E-03	3.5603E-03
5.3575E-01	4.0900E-03	3.4924E-03
5.3774E-01	3.9508E-03	3.4244E-03
5.3972E-01	3.8149E-03	3.3565E-03
5.4170E-01	3.6823E-03	3.2887E-03
5.4369E-01	3.5529E-03	3.2210E-03
5.4567E-01	3.4267E-03	3.1535E-03
5.4766E-01	3.3037E-03	3.0862E-03
5.4964E-01	3.1838E-03	3.0192E-03
5.5162E-01	3.0670E-03	2.9526E-03
5.5361E-01	2.9533E-03	2.8863E-03
5.5559E-01	2.8427E-03	2.8205E-03
5.5758E-01	2.7350E-03	2.7551E-03
5.5956E-01	2.6304E-03	2.6902E-03
5.6154E-01	2.5287E-03	2.6259E-03
5.6353E-01	2.4298E-03	2.5622E-03
5.6551E-01	2.3339E-03	2.4990E-03
5.6749E-01	2.2407E-03	2.4365E-03
5.6948E-01	2.1504E-03	2.3747E-03
5.7146E-01	2.0627E-03	2.3136E-03
5.7345E-01	1.9778E-03	2.2532E-03
5.7543E-01	1.8955E-03	2.1935E-03
5.7741E-01	1.8158E-03	2.1347E-03
5.7940E-01	1.7386E-03	2.0766E-03
5.8138E-01	1.6639E-03	2.0194E-03
5.8337E-01	1.5917E-03	1.9630E-03
5.8535E-01	1.5219E-03	1.9074E-03
5.8733E-01	1.4545E-03	1.8527E-03
5.8932E-01	1.3894E-03	1.7989E-03
5.9130E-01	1.3265E-03	1.7460E-03
5.9329E-01	1.2659E-03	1.6940E-03
5.9527E-01	1.2074E-03	1.6429E-03
5.9725E-01	1.1511E-03	1.5928E-03
5.9924E-01	1.0968E-03	1.5436E-03
6.0122E-01	1.0445E-03	1.4953E-03
6.0321E-01	9.9418E-04	1.4480E-03
6.0519E-01	9.4579E-04	1.4016E-03
6.0717E-01	8.9927E-04	1.3562E-03
6.0916E-01	8.5457E-04	1.3117E-03
6.1114E-01	8.1164E-04	1.2682E-03
6.1313E-01	7.7044E-04	1.2256E-03
6.1511E-01	7.3092E-04	1.1840E-03
6.1709E-01	6.9302E-04	1.1433E-03
6.1908E-01	6.5671E-04	1.1036E-03
6.2106E-01	6.2194E-04	1.0648E-03
6.2305E-01	5.8866E-04	1.0270E-03
6.2503E-01	5.5682E-04	9.9005E-04
6.2701E-01	5.2638E-04	9.5406E-04
6.2900E-01	4.9729E-04	9.1899E-04
6.3098E-01	4.6952E-04	8.8483E-04
6.3297E-01	4.4302E-04	8.5157E-04
6.3495E-01	4.1774E-04	8.1921E-04
6.3693E-01	3.9364E-04	7.8772E-04
6.3892E-01	3.7069E-04	7.5711E-04
6.4090E-01	3.4885E-04	7.2736E-04
6.4289E-01	3.2806E-04	6.9847E-04
6.4487E-01	3.0830E-04	6.7041E-04
6.4685E-01	2.8953E-04	6.4318E-04
6.4884E-01	2.7171E-04	6.1677E-04
6.5082E-01	2.5480E-04	5.9117E-04
6.5281E-01	2.3876E-04	5.6635E-04
6.5479E-01	2.2357E-04	5.4231E-04
6.5677E-01	2.0919E-04	5.1904E-04
6.5876E-01	1.9558E-04	4.9652E-04
6.6074E-01	1.8271E-04	4.7474E-04
6.6273E-01	1.7056E-04	4.5368E-04
6.6471E-01	1.5908E-04	4.3333E-04
6.6669E-01	1.4826E-04	4.1368E-04
6.6868E-01	1.3806E-04	3.9470E-04
6.7066E-01	1.2845E-04	3.7640E-04
6.7265E-01	1.1941E-04	3.5875E-04
6.7463E-01	1.1090E-04	3.4174E-04
6.7661E-01	1.0291E-04	3.2535E-04
6.7860E-01	9.5416E-05	3.0957E-04
6.8058E-01	8.8382E-05	2.9439E-04
6.8257E-01	8.1791E-05	2.7978E-04
6.8455E-01	7.5620E-05	2.6575E-04
6.8653E-01	6.9847E-05	2.5226E-04
6.8852E-01	6.4451E-05	2.3931E-04
6.9050E-01	5.9413E-05	2.2688E-04
6.9248E-01	5.4714E-05	2.1497E-04
6.9447E-01	5.0334E-05	2.0354E-04
6.9645E-01	4.6256E-05	1.9260E-04
6.9844E-01	4.2463E-05	1.8213E-04
7.0042E-01	3.8938E-05	1.7211E-04
7.0240E-01	3.5667E-05	1.6252E-04
7.0439E-01	3.2633E-05	1.5337E-04
7.0637E-01	2.9823E-05	1.4462E-04
7.0836E-01	2.7223E-05	1.3628E-04
7.1034E-01	2.4821E-05	1.2832E-04
7.1232E-01	2.2602E-05	1.2074E-04
7.1431E-01	2.0557E-05	1.1352E-04
7.1629E-01	1.8673E-05	1.0664E-04
7.1828E-01	1.6939E-05	1.0010E-04
7.2026E-01	1.5347E-05	9.3893E-05
7.2224E-01	1.3885E-05	8.7994E-05
7.2423E-01	1.2546E-05	8.2396E-05
7.2621E-01	1.1320E-05	7.7088E-05
7.2820E-01	1.0199E-05	7.2060E-05
7.3018E-01	9.1759E-06	6.7299E-05
7.3216E-01	8.2431E-06	6.2797E-05
7.3415E-01	7.3940E-06	5.8541E-05
7.3613E-01	6.6221E-06	5.4522E-05
7.3812E-01	5.9214E-06	5.0730E-05
7.4010E-01	5.2863E-06	4.7156E-05
7.4208E-01	4.7116E-06	4.3789E-05
7.4407E-01	4.1922E-06	4.0621E-05
7.4605E-01	3.7237E-06	3.7643E-05
7.4804E-01	3.3018E-06	3.4847E-05
7.5002E-01	2.9224E-06	3.2222E-05
7.5200E-01	2.5818E-06	2.9763E-05
7.5399E-01	2.2767E-06	2.7459E-05
7.5597E-01	2.0037E-06	2.5305E-05
7.5796E-01	1.7600E-06	2.3292E-05
7.5994E-01	1.5428E-06	2.1412E-05
7.6192E-01	1.3497E-06	1.9660E-05
7.6391E-01	1.1782E-06	1.8029E-05
7.6589E-01	1.0263E-06	1.6511E-05
7.6788E-01	8.9200E-07	1.5101E-05
7.6986E-01	7.7351E-07	1.3793E-05
7.7184E-01	6.6920E-07	1.2580E-05
7.7383E-01	5.7758E-07	1.1457E-05
7.7581E-01	4.9729E-07	1.0420E-05
7.7780E-01	4.2708E-07	9.4620E-06
7.7978E-01	3.6585E-07	8.5789E-06
7.8176E-01	3.1257E-07	7.7661E-06
7.8375E-01	2.6632E-07	7.0189E-06
7.8573E-01	2.2629E-07	6.3330E-06
7.8772E-01	1.9173E-07	5.7045E-06
7.8970E-01	1.6197E-07	5.1293E-06
7.9168E-01	1.3642E-07	4.6039E-06
7.9367E-01	1.1454E-07	4.1247E-06
7.9565E-01	9.5866E-08	3.6884E-06
7.9764E-01	7.9975E-08	3.2919E-06
7.9962E-01	6.6494E-08	2.9321E-06
8.0160E-01	5.5094E-08	2.6063E-06
8.0359E-01	4.5486E-08	2.3118E-06
8.0557E-01	3.7416E-08	2.0461E-06
8.0756E-01	3.0662E-08	1.8070E-06
8.0954E-01	2.5030E-08	1.5921E-06
8.1152E-01	2.0350E-08	1.3995E-06
8.1351E-01	1.6478E-08	1.2271E-06
8.1549E-01	1.3285E-08	1.0733E-06
8.1747E-01	1.0664E-08	9.3637E-07
8.1946E-01	8.5215E-09	8.1472E-07
8.2144E-01	6.7776E-09	7.0692E-07
8.2343E-01	5.3646E-09	6.1165E-07
8.2541E-01	4.2251E-09	5.2767E-07
8.2739E-01	3.3105E-09	4.5384E-07
8.2938E-01	2.5801E-09	3.8913E-07
8.3136E-01	1.9998E-09	3.3257E-07
8.3335E-01	1.5412E-09	2.8328E-07
8.3533E-01	1.1808E-09	2.4047E-07
8.3731E-01	8.9911E-10	2.0340E-07
8.3930E-01	6.8033E-10	1.7141E-07
8.4128E-01	5.1142E-10	1.4389E-07
8.4327E-01	3.8183E-10	1.2032E-07
8.4525E-01	2.8308E-10	1.0020E-07
8.4723E-01	2.0834E-10	8.3084E-08
8.4922E-01	1.5217E-10	6.8590E-08
8.5120E-01	1.1027E-10	5.6365E-08
8.5319E-01	7.9251E-11	4.6098E-08
8.5517E-01	5.6475E-11	3.7515E-08
8.5715E-01	3.9889E-11	3.0374E-08
8.5914E-01	2.7914E-11	2.4460E-08
8.6112E-01	1.9347E-11	1.9588E-08
8.6311E-01	1.3275E-11	1.5596E-08
8.6509E-01	9.0141E-12	1.2342E-08
8.6707E-01	6.0542E-12	9.7061E-09
8.6906E-01	4.0200E-12	7.5827E-09
8.7104E-01	2.6377E-12	5.8833E-09
8.7303E-01	1.7092E-12	4.5320E-09
8.7501E-01	1.0932E-12	3.4649E-09
8.7699E-01	6.8971E-13	2.6284E-09
8.7898E-01	4.2895E-13	1.9774E-09
8.8096E-01	2.6280E-13	1.4749E-09
8.8295E-01	1.5848E-13	1.0901E-09
8.8493E-01	9.4005E-14	7.9815E-10
8.8691E-01	5.4796E-14	5.7855E-10
8.8890E-01	3.1360E-14	4.1499E-10
8.9088E-01	1.7604E-14	2.9439E-10
8.9287E-01	9.6828E-15	2.0642E-10
8.9485E-01	5.2125E-15	1.4297E-10
8.9683E-01	2.7430E-15	9.7750E-11
8.9882E-01	1.4092E-15	6.5921E-11
9.0080E-01	7.0578E-16	4.3816E-11
9.0279E-01	3.4407E-16	2.8679E-11
9.0477E-01	1.6300E-16	1.8468E-11
9.0675E-01	7.4906E-17	1.1688E-11
9.0874E-01	3.3326E-17	7.2628E-12
9.1072E-01	1.4324E-17	4.4253E-12
9.1271E-01	5.9344E-18	2.6407E-12
9.1469E-01	2.3637E-18	1.5410E-12
9.1667E-01	9.0267E-19	8.7805E-13
9.1866E-01	3.2951E-19	4.8770E-13
9.2064E-01	1.1459E-19	2.6356E-13
9.2263E-01	3.7826E-20	1.3829E-13
9.2461E-01	1.1804E-20	7.0298E-14
9.2659E-01	3.4667E-21	3.4532E-14
9.2858E-01	9.5341E-22	1.6346E-14
9.3056E-01	2.4418E-22	7.4333E-15
9.3255E-01	5.7878E-23	3.2361E-15
9.3453E-01	1.2609E-23	1.3435E-15
9.3651E-01	2.5050E-24	5.2964E-16
9.3850E-01	4.4985E-25	1.9728E-16
9.4048E-01	7.2300E-26	6.9048E-17
9.4246E-01	1.0282E-26	2.2565E-17
9.4445E-01	1.2772E-27	6.8360E-18
9.4643E-01	1.3653E-28	1.9041E-18
9.4842E-01	1.2346E-29	4.8297E-19
9.5040E-01	9.2588E-31	1.1034E-19
9.5238E-01	5.6262E-32	2.2417E-20
9.5437E-01	2.6960E-33	3.9890E-21
9.5635E-01	9.8653E-35	6.1078E-22
9.5834E-01	2.6535E-36	7.8790E-23
9.6032E-01	5.0113E-38	8.3487E-24
9.6230E-01	6.2871E-40	7.0473E-25
9.6429E-01	4.8971E-42	4.5651E-26
9.6627E-01	2.1784E-44	2.1671E-27
9.6826E-01	4.9860E-47	7.1170E-29
9.7024E-01	5.1456E-50	1.5034E-30
9.7222E-01	2.0207E-53	1.8605E-32
9.7421E-01	2.4194E-57	1.1937E-34
9.7619E-01	6.5730E-62	3.3750E-37
9.7818E-01	2.7094E-67	3.3695E-40
9.8016E-01	9.6503E-74	8.7162E-44
9.8214E-01	1.3176E-81	3.7374E-48
9.8413E-01	2.0400E-91	1.3607E-53
9.8611E-01	5.2885E-104	1.4718E-60
9.8810E-01	9.4927E-121	8.2398E-70
9.9008E-01	3.8313E-144	1.0319E-82
9.9206E-01	3.6986E-179	5.4472E-102
9.9405E-01	2.1685E-237	5.4238E-134
9.9603E-01	0.0000E+00	0.0000E+00
9.9802E-01	0.0000E+00	0.0000E+00
1.0000E+00	0.0000E+00	0.0000E+00
