NNPDF30_nnlo_as_0118	 3.2
x	 x*uv	 dx*uv	 x*dv	 dx*dv	 x*(uv-dv)	 dx*(uv-dv)
5.000E-04	4.099E-02	5.273E-03	2.537E-02	6.860E-03	1.562E-02	5.877E-03
1.500E-03	6.712E-02	7.405E-03	3.852E-02	7.591E-03	2.861E-02	7.360E-03
2.500E-03	8.488E-02	8.783E-03	4.687E-02	8.538E-03	3.801E-02	8.100E-03
3.500E-03	9.921E-02	9.226E-03	5.355E-02	9.020E-03	4.567E-02	8.744E-03
4.500E-03	1.118E-01	9.327E-03	5.957E-02	9.394E-03	5.226E-02	9.235E-03
5.500E-03	1.234E-01	9.315E-03	6.530E-02	9.902E-03	5.814E-02	9.576E-03
6.500E-03	1.342E-01	9.467E-03	7.076E-02	1.060E-02	6.347E-02	9.777E-03
7.500E-03	1.442E-01	9.868E-03	7.590E-02	1.154E-02	6.835E-02	9.970E-03
8.500E-03	1.538E-01	1.031E-02	8.088E-02	1.242E-02	7.290E-02	1.000E-02
9.500E-03	1.630E-01	1.056E-02	8.580E-02	1.300E-02	7.721E-02	9.790E-03
1.050E-02	1.719E-01	1.069E-02	9.058E-02	1.342E-02	8.130E-02	9.487E-03
1.150E-02	1.804E-01	1.077E-02	9.522E-02	1.377E-02	8.518E-02	9.222E-03
1.250E-02	1.886E-01	1.084E-02	9.975E-02	1.411E-02	8.887E-02	9.052E-03
1.350E-02	1.965E-01	1.092E-02	1.042E-01	1.443E-02	9.239E-02	8.983E-03
1.450E-02	2.042E-01	1.101E-02	1.084E-01	1.476E-02	9.576E-02	9.028E-03
1.550E-02	2.115E-01	1.112E-02	1.125E-01	1.509E-02	9.899E-02	9.190E-03
1.650E-02	2.187E-01	1.125E-02	1.166E-01	1.542E-02	1.021E-01	9.437E-03
1.750E-02	2.257E-01	1.136E-02	1.206E-01	1.573E-02	1.051E-01	9.717E-03
1.850E-02	2.325E-01	1.143E-02	1.246E-01	1.599E-02	1.079E-01	9.980E-03
1.950E-02	2.392E-01	1.146E-02	1.285E-01	1.619E-02	1.107E-01	1.020E-02
2.050E-02	2.457E-01	1.146E-02	1.324E-01	1.636E-02	1.133E-01	1.040E-02
2.150E-02	2.521E-01	1.145E-02	1.363E-01	1.650E-02	1.158E-01	1.058E-02
2.250E-02	2.584E-01	1.144E-02	1.401E-01	1.663E-02	1.183E-01	1.074E-02
2.350E-02	2.645E-01	1.143E-02	1.438E-01	1.674E-02	1.206E-01	1.089E-02
2.450E-02	2.704E-01	1.144E-02	1.475E-01	1.684E-02	1.230E-01	1.104E-02
2.550E-02	2.762E-01	1.146E-02	1.510E-01	1.694E-02	1.252E-01	1.117E-02
2.650E-02	2.819E-01	1.149E-02	1.545E-01	1.703E-02	1.275E-01	1.130E-02
2.750E-02	2.875E-01	1.153E-02	1.578E-01	1.711E-02	1.297E-01	1.143E-02
2.850E-02	2.930E-01	1.158E-02	1.611E-01	1.719E-02	1.318E-01	1.155E-02
2.950E-02	2.983E-01	1.165E-02	1.644E-01	1.727E-02	1.339E-01	1.166E-02
3.050E-02	3.035E-01	1.173E-02	1.676E-01	1.735E-02	1.360E-01	1.178E-02
3.150E-02	3.087E-01	1.182E-02	1.707E-01	1.744E-02	1.380E-01	1.189E-02
3.250E-02	3.137E-01	1.192E-02	1.738E-01	1.752E-02	1.399E-01	1.200E-02
3.350E-02	3.186E-01	1.203E-02	1.768E-01	1.760E-02	1.419E-01	1.210E-02
3.450E-02	3.235E-01	1.214E-02	1.797E-01	1.767E-02	1.438E-01	1.220E-02
3.550E-02	3.283E-01	1.225E-02	1.825E-01	1.773E-02	1.457E-01	1.228E-02
3.650E-02	3.329E-01	1.234E-02	1.853E-01	1.777E-02	1.476E-01	1.236E-02
3.750E-02	3.375E-01	1.243E-02	1.880E-01	1.780E-02	1.495E-01	1.243E-02
3.850E-02	3.421E-01	1.249E-02	1.906E-01	1.780E-02	1.514E-01	1.248E-02
3.950E-02	3.465E-01	1.254E-02	1.932E-01	1.779E-02	1.534E-01	1.252E-02
4.050E-02	3.509E-01	1.256E-02	1.956E-01	1.775E-02	1.553E-01	1.254E-02
4.150E-02	3.552E-01	1.257E-02	1.981E-01	1.770E-02	1.572E-01	1.256E-02
4.250E-02	3.595E-01	1.256E-02	2.005E-01	1.764E-02	1.590E-01	1.257E-02
4.350E-02	3.637E-01	1.254E-02	2.028E-01	1.757E-02	1.609E-01	1.257E-02
4.450E-02	3.679E-01	1.252E-02	2.051E-01	1.749E-02	1.628E-01	1.257E-02
4.550E-02	3.720E-01	1.248E-02	2.074E-01	1.740E-02	1.646E-01	1.257E-02
4.650E-02	3.760E-01	1.245E-02	2.096E-01	1.731E-02	1.664E-01	1.257E-02
4.750E-02	3.800E-01	1.240E-02	2.117E-01	1.721E-02	1.682E-01	1.256E-02
4.850E-02	3.839E-01	1.235E-02	2.138E-01	1.712E-02	1.700E-01	1.256E-02
4.950E-02	3.877E-01	1.230E-02	2.159E-01	1.702E-02	1.718E-01	1.256E-02
5.050E-02	3.915E-01	1.225E-02	2.179E-01	1.692E-02	1.736E-01	1.255E-02
5.150E-02	3.952E-01	1.220E-02	2.199E-01	1.682E-02	1.754E-01	1.255E-02
5.250E-02	3.989E-01	1.214E-02	2.218E-01	1.673E-02	1.771E-01	1.255E-02
5.350E-02	4.025E-01	1.209E-02	2.237E-01	1.663E-02	1.788E-01	1.255E-02
5.450E-02	4.061E-01	1.204E-02	2.255E-01	1.653E-02	1.806E-01	1.255E-02
5.550E-02	4.096E-01	1.199E-02	2.273E-01	1.644E-02	1.823E-01	1.255E-02
5.650E-02	4.130E-01	1.194E-02	2.290E-01	1.634E-02	1.840E-01	1.255E-02
5.750E-02	4.164E-01	1.188E-02	2.307E-01	1.625E-02	1.857E-01	1.255E-02
5.850E-02	4.197E-01	1.183E-02	2.324E-01	1.616E-02	1.874E-01	1.256E-02
5.950E-02	4.230E-01	1.178E-02	2.340E-01	1.606E-02	1.890E-01	1.256E-02
6.050E-02	4.263E-01	1.172E-02	2.356E-01	1.597E-02	1.907E-01	1.257E-02
6.150E-02	4.295E-01	1.167E-02	2.372E-01	1.588E-02	1.923E-01	1.258E-02
6.250E-02	4.327E-01	1.162E-02	2.388E-01	1.579E-02	1.940E-01	1.259E-02
6.350E-02	4.359E-01	1.156E-02	2.403E-01	1.571E-02	1.956E-01	1.261E-02
6.450E-02	4.390E-01	1.151E-02	2.418E-01	1.562E-02	1.972E-01	1.262E-02
6.550E-02	4.420E-01	1.147E-02	2.433E-01	1.554E-02	1.988E-01	1.264E-02
6.650E-02	4.451E-01	1.142E-02	2.447E-01	1.546E-02	2.004E-01	1.267E-02
6.750E-02	4.481E-01	1.138E-02	2.461E-01	1.539E-02	2.019E-01	1.269E-02
6.850E-02	4.510E-01	1.133E-02	2.475E-01	1.532E-02	2.035E-01	1.272E-02
6.950E-02	4.539E-01	1.129E-02	2.489E-01	1.525E-02	2.051E-01	1.274E-02
7.050E-02	4.568E-01	1.126E-02	2.502E-01	1.518E-02	2.066E-01	1.277E-02
7.150E-02	4.597E-01	1.122E-02	2.515E-01	1.512E-02	2.081E-01	1.280E-02
7.250E-02	4.625E-01	1.119E-02	2.528E-01	1.505E-02	2.097E-01	1.283E-02
7.350E-02	4.652E-01	1.116E-02	2.541E-01	1.499E-02	2.112E-01	1.286E-02
7.450E-02	4.680E-01	1.113E-02	2.553E-01	1.493E-02	2.127E-01	1.288E-02
7.550E-02	4.707E-01	1.110E-02	2.565E-01	1.487E-02	2.142E-01	1.291E-02
7.650E-02	4.733E-01	1.107E-02	2.576E-01	1.481E-02	2.157E-01	1.294E-02
7.750E-02	4.760E-01	1.104E-02	2.588E-01	1.475E-02	2.172E-01	1.296E-02
7.850E-02	4.786E-01	1.102E-02	2.599E-01	1.469E-02	2.187E-01	1.298E-02
7.950E-02	4.811E-01	1.099E-02	2.610E-01	1.462E-02	2.201E-01	1.300E-02
8.050E-02	4.837E-01	1.096E-02	2.621E-01	1.456E-02	2.216E-01	1.302E-02
8.150E-02	4.862E-01	1.093E-02	2.631E-01	1.449E-02	2.231E-01	1.304E-02
8.250E-02	4.886E-01	1.090E-02	2.641E-01	1.443E-02	2.245E-01	1.305E-02
8.350E-02	4.911E-01	1.087E-02	2.651E-01	1.436E-02	2.260E-01	1.306E-02
8.450E-02	4.935E-01	1.083E-02	2.660E-01	1.428E-02	2.274E-01	1.306E-02
8.550E-02	4.959E-01	1.080E-02	2.670E-01	1.421E-02	2.289E-01	1.306E-02
8.650E-02	4.982E-01	1.076E-02	2.679E-01	1.412E-02	2.303E-01	1.306E-02
8.750E-02	5.006E-01	1.071E-02	2.688E-01	1.403E-02	2.318E-01	1.305E-02
8.850E-02	5.029E-01	1.067E-02	2.696E-01	1.394E-02	2.333E-01	1.304E-02
8.950E-02	5.052E-01	1.062E-02	2.704E-01	1.385E-02	2.347E-01	1.303E-02
9.050E-02	5.075E-01	1.058E-02	2.713E-01	1.376E-02	2.362E-01	1.302E-02
9.150E-02	5.097E-01	1.053E-02	2.720E-01	1.366E-02	2.377E-01	1.300E-02
9.250E-02	5.119E-01	1.048E-02	2.728E-01	1.356E-02	2.391E-01	1.299E-02
9.350E-02	5.141E-01	1.043E-02	2.735E-01	1.347E-02	2.406E-01	1.297E-02
9.450E-02	5.163E-01	1.038E-02	2.743E-01	1.337E-02	2.421E-01	1.295E-02
9.550E-02	5.185E-01	1.033E-02	2.750E-01	1.327E-02	2.435E-01	1.294E-02
9.650E-02	5.206E-01	1.028E-02	2.756E-01	1.317E-02	2.450E-01	1.292E-02
9.750E-02	5.227E-01	1.024E-02	2.763E-01	1.308E-02	2.464E-01	1.291E-02
9.850E-02	5.248E-01	1.019E-02	2.769E-01	1.299E-02	2.478E-01	1.290E-02
9.950E-02	5.268E-01	1.014E-02	2.776E-01	1.290E-02	2.493E-01	1.289E-02
1.005E-01	5.289E-01	1.010E-02	2.782E-01	1.281E-02	2.507E-01	1.288E-02
1.015E-01	5.309E-01	1.006E-02	2.788E-01	1.272E-02	2.521E-01	1.287E-02
1.025E-01	5.329E-01	1.001E-02	2.793E-01	1.264E-02	2.536E-01	1.287E-02
1.035E-01	5.349E-01	9.974E-03	2.799E-01	1.256E-02	2.550E-01	1.288E-02
1.045E-01	5.369E-01	9.937E-03	2.804E-01	1.248E-02	2.565E-01	1.288E-02
1.055E-01	5.389E-01	9.903E-03	2.810E-01	1.241E-02	2.579E-01	1.289E-02
1.065E-01	5.408E-01	9.872E-03	2.815E-01	1.234E-02	2.593E-01	1.291E-02
1.075E-01	5.427E-01	9.846E-03	2.820E-01	1.228E-02	2.608E-01	1.293E-02
1.085E-01	5.447E-01	9.823E-03	2.825E-01	1.223E-02	2.622E-01	1.295E-02
1.095E-01	5.465E-01	9.804E-03	2.829E-01	1.218E-02	2.636E-01	1.298E-02
1.105E-01	5.484E-01	9.789E-03	2.834E-01	1.214E-02	2.650E-01	1.301E-02
1.115E-01	5.502E-01	9.777E-03	2.838E-01	1.211E-02	2.664E-01	1.305E-02
1.125E-01	5.520E-01	9.769E-03	2.842E-01	1.208E-02	2.678E-01	1.309E-02
1.135E-01	5.538E-01	9.764E-03	2.846E-01	1.206E-02	2.692E-01	1.312E-02
1.145E-01	5.556E-01	9.761E-03	2.850E-01	1.204E-02	2.706E-01	1.316E-02
1.155E-01	5.573E-01	9.759E-03	2.853E-01	1.203E-02	2.719E-01	1.320E-02
1.165E-01	5.590E-01	9.759E-03	2.857E-01	1.203E-02	2.733E-01	1.323E-02
1.175E-01	5.606E-01	9.760E-03	2.860E-01	1.202E-02	2.746E-01	1.327E-02
1.185E-01	5.622E-01	9.760E-03	2.863E-01	1.202E-02	2.759E-01	1.330E-02
1.195E-01	5.638E-01	9.762E-03	2.866E-01	1.202E-02	2.772E-01	1.333E-02
1.205E-01	5.654E-01	9.765E-03	2.869E-01	1.203E-02	2.785E-01	1.336E-02
1.215E-01	5.670E-01	9.769E-03	2.872E-01	1.204E-02	2.798E-01	1.340E-02
1.225E-01	5.685E-01	9.775E-03	2.874E-01	1.205E-02	2.810E-01	1.343E-02
1.235E-01	5.700E-01	9.782E-03	2.877E-01	1.207E-02	2.823E-01	1.347E-02
1.245E-01	5.715E-01	9.790E-03	2.879E-01	1.209E-02	2.836E-01	1.350E-02
1.255E-01	5.730E-01	9.798E-03	2.881E-01	1.211E-02	2.848E-01	1.354E-02
1.265E-01	5.744E-01	9.807E-03	2.883E-01	1.214E-02	2.861E-01	1.357E-02
1.275E-01	5.758E-01	9.816E-03	2.885E-01	1.216E-02	2.873E-01	1.360E-02
1.285E-01	5.772E-01	9.825E-03	2.887E-01	1.219E-02	2.885E-01	1.364E-02
1.295E-01	5.786E-01	9.834E-03	2.888E-01	1.222E-02	2.897E-01	1.367E-02
1.305E-01	5.799E-01	9.841E-03	2.890E-01	1.225E-02	2.909E-01	1.369E-02
1.315E-01	5.812E-01	9.848E-03	2.891E-01	1.228E-02	2.921E-01	1.372E-02
1.325E-01	5.825E-01	9.854E-03	2.892E-01	1.232E-02	2.933E-01	1.375E-02
1.335E-01	5.838E-01	9.858E-03	2.894E-01	1.235E-02	2.944E-01	1.377E-02
1.345E-01	5.850E-01	9.861E-03	2.895E-01	1.238E-02	2.956E-01	1.379E-02
1.355E-01	5.863E-01	9.862E-03	2.896E-01	1.240E-02	2.967E-01	1.380E-02
1.365E-01	5.874E-01	9.861E-03	2.896E-01	1.243E-02	2.978E-01	1.382E-02
1.375E-01	5.886E-01	9.857E-03	2.897E-01	1.245E-02	2.989E-01	1.383E-02
1.385E-01	5.898E-01	9.851E-03	2.898E-01	1.248E-02	3.000E-01	1.383E-02
1.395E-01	5.909E-01	9.843E-03	2.898E-01	1.250E-02	3.011E-01	1.384E-02
1.405E-01	5.920E-01	9.833E-03	2.898E-01	1.252E-02	3.022E-01	1.384E-02
1.415E-01	5.931E-01	9.823E-03	2.899E-01	1.254E-02	3.032E-01	1.385E-02
1.425E-01	5.942E-01	9.812E-03	2.899E-01	1.256E-02	3.043E-01	1.385E-02
1.435E-01	5.952E-01	9.802E-03	2.899E-01	1.258E-02	3.053E-01	1.386E-02
1.445E-01	5.962E-01	9.792E-03	2.899E-01	1.260E-02	3.064E-01	1.387E-02
1.455E-01	5.972E-01	9.783E-03	2.899E-01	1.262E-02	3.074E-01	1.388E-02
1.465E-01	5.982E-01	9.776E-03	2.898E-01	1.265E-02	3.084E-01	1.389E-02
1.475E-01	5.992E-01	9.770E-03	2.898E-01	1.267E-02	3.094E-01	1.391E-02
1.485E-01	6.001E-01	9.765E-03	2.897E-01	1.270E-02	3.104E-01	1.393E-02
1.495E-01	6.010E-01	9.762E-03	2.897E-01	1.273E-02	3.113E-01	1.394E-02
1.505E-01	6.019E-01	9.761E-03	2.896E-01	1.275E-02	3.123E-01	1.397E-02
1.515E-01	6.028E-01	9.761E-03	2.895E-01	1.278E-02	3.132E-01	1.399E-02
1.525E-01	6.036E-01	9.762E-03	2.895E-01	1.281E-02	3.141E-01	1.401E-02
1.535E-01	6.044E-01	9.765E-03	2.894E-01	1.284E-02	3.150E-01	1.404E-02
1.545E-01	6.052E-01	9.768E-03	2.893E-01	1.287E-02	3.159E-01	1.407E-02
1.555E-01	6.059E-01	9.772E-03	2.892E-01	1.290E-02	3.168E-01	1.409E-02
1.565E-01	6.067E-01	9.777E-03	2.890E-01	1.293E-02	3.176E-01	1.412E-02
1.575E-01	6.074E-01	9.782E-03	2.889E-01	1.295E-02	3.185E-01	1.415E-02
1.585E-01	6.081E-01	9.788E-03	2.888E-01	1.298E-02	3.193E-01	1.417E-02
1.595E-01	6.088E-01	9.795E-03	2.886E-01	1.301E-02	3.202E-01	1.421E-02
1.605E-01	6.094E-01	9.802E-03	2.885E-01	1.304E-02	3.210E-01	1.424E-02
1.615E-01	6.101E-01	9.810E-03	2.883E-01	1.307E-02	3.218E-01	1.427E-02
1.625E-01	6.107E-01	9.818E-03	2.881E-01	1.310E-02	3.226E-01	1.430E-02
1.635E-01	6.113E-01	9.827E-03	2.880E-01	1.313E-02	3.233E-01	1.434E-02
1.645E-01	6.119E-01	9.836E-03	2.878E-01	1.315E-02	3.241E-01	1.437E-02
1.655E-01	6.124E-01	9.846E-03	2.876E-01	1.318E-02	3.249E-01	1.440E-02
1.665E-01	6.129E-01	9.855E-03	2.874E-01	1.320E-02	3.256E-01	1.444E-02
1.675E-01	6.135E-01	9.864E-03	2.871E-01	1.323E-02	3.263E-01	1.447E-02
1.685E-01	6.139E-01	9.873E-03	2.869E-01	1.325E-02	3.270E-01	1.450E-02
1.695E-01	6.144E-01	9.882E-03	2.867E-01	1.327E-02	3.277E-01	1.453E-02
1.705E-01	6.148E-01	9.889E-03	2.865E-01	1.329E-02	3.284E-01	1.456E-02
1.715E-01	6.153E-01	9.896E-03	2.862E-01	1.331E-02	3.290E-01	1.458E-02
1.725E-01	6.157E-01	9.903E-03	2.860E-01	1.332E-02	3.297E-01	1.461E-02
1.735E-01	6.160E-01	9.908E-03	2.857E-01	1.333E-02	3.303E-01	1.463E-02
1.745E-01	6.164E-01	9.912E-03	2.855E-01	1.334E-02	3.309E-01	1.465E-02
1.755E-01	6.167E-01	9.915E-03	2.852E-01	1.335E-02	3.315E-01	1.467E-02
1.765E-01	6.170E-01	9.917E-03	2.849E-01	1.335E-02	3.321E-01	1.469E-02
1.775E-01	6.173E-01	9.918E-03	2.846E-01	1.335E-02	3.327E-01	1.470E-02
1.785E-01	6.176E-01	9.919E-03	2.843E-01	1.335E-02	3.332E-01	1.472E-02
1.795E-01	6.178E-01	9.920E-03	2.840E-01	1.335E-02	3.338E-01	1.473E-02
1.805E-01	6.181E-01	9.921E-03	2.837E-01	1.334E-02	3.343E-01	1.475E-02
1.815E-01	6.183E-01	9.922E-03	2.834E-01	1.334E-02	3.348E-01	1.477E-02
1.825E-01	6.185E-01	9.923E-03	2.831E-01	1.333E-02	3.354E-01	1.478E-02
1.835E-01	6.186E-01	9.924E-03	2.828E-01	1.333E-02	3.359E-01	1.480E-02
1.845E-01	6.188E-01	9.925E-03	2.825E-01	1.333E-02	3.363E-01	1.481E-02
1.855E-01	6.189E-01	9.927E-03	2.821E-01	1.332E-02	3.368E-01	1.483E-02
1.865E-01	6.190E-01	9.928E-03	2.818E-01	1.332E-02	3.373E-01	1.484E-02
1.875E-01	6.191E-01	9.930E-03	2.814E-01	1.332E-02	3.377E-01	1.486E-02
1.885E-01	6.192E-01	9.931E-03	2.811E-01	1.331E-02	3.382E-01	1.487E-02
1.895E-01	6.193E-01	9.932E-03	2.807E-01	1.331E-02	3.386E-01	1.488E-02
1.905E-01	6.193E-01	9.933E-03	2.803E-01	1.331E-02	3.390E-01	1.489E-02
1.915E-01	6.193E-01	9.933E-03	2.799E-01	1.331E-02	3.394E-01	1.490E-02
1.925E-01	6.193E-01	9.933E-03	2.796E-01	1.331E-02	3.398E-01	1.491E-02
1.935E-01	6.193E-01	9.932E-03	2.792E-01	1.330E-02	3.402E-01	1.492E-02
1.945E-01	6.193E-01	9.931E-03	2.788E-01	1.330E-02	3.405E-01	1.492E-02
1.955E-01	6.192E-01	9.930E-03	2.784E-01	1.330E-02	3.409E-01	1.493E-02
1.965E-01	6.192E-01	9.928E-03	2.779E-01	1.330E-02	3.412E-01	1.493E-02
1.975E-01	6.191E-01	9.926E-03	2.775E-01	1.329E-02	3.416E-01	1.493E-02
1.985E-01	6.190E-01	9.924E-03	2.771E-01	1.329E-02	3.419E-01	1.493E-02
1.995E-01	6.189E-01	9.921E-03	2.767E-01	1.329E-02	3.422E-01	1.493E-02
2.005E-01	6.187E-01	9.918E-03	2.762E-01	1.329E-02	3.425E-01	1.493E-02
2.015E-01	6.186E-01	9.914E-03	2.758E-01	1.328E-02	3.428E-01	1.492E-02
2.025E-01	6.184E-01	9.909E-03	2.753E-01	1.328E-02	3.431E-01	1.492E-02
2.035E-01	6.182E-01	9.903E-03	2.749E-01	1.327E-02	3.434E-01	1.491E-02
2.045E-01	6.180E-01	9.897E-03	2.744E-01	1.327E-02	3.436E-01	1.490E-02
2.055E-01	6.178E-01	9.889E-03	2.740E-01	1.326E-02	3.439E-01	1.488E-02
2.065E-01	6.176E-01	9.881E-03	2.735E-01	1.326E-02	3.441E-01	1.487E-02
2.075E-01	6.173E-01	9.872E-03	2.730E-01	1.325E-02	3.443E-01	1.484E-02
2.085E-01	6.171E-01	9.861E-03	2.725E-01	1.324E-02	3.446E-01	1.482E-02
2.095E-01	6.168E-01	9.850E-03	2.720E-01	1.324E-02	3.448E-01	1.479E-02
2.105E-01	6.165E-01	9.837E-03	2.715E-01	1.323E-02	3.450E-01	1.476E-02
2.115E-01	6.162E-01	9.822E-03	2.710E-01	1.322E-02	3.452E-01	1.472E-02
2.125E-01	6.159E-01	9.807E-03	2.705E-01	1.320E-02	3.453E-01	1.468E-02
2.135E-01	6.155E-01	9.791E-03	2.700E-01	1.319E-02	3.455E-01	1.464E-02
2.145E-01	6.151E-01	9.774E-03	2.695E-01	1.318E-02	3.456E-01	1.459E-02
2.155E-01	6.148E-01	9.757E-03	2.690E-01	1.317E-02	3.458E-01	1.454E-02
2.165E-01	6.144E-01	9.740E-03	2.684E-01	1.315E-02	3.459E-01	1.449E-02
2.175E-01	6.140E-01	9.722E-03	2.679E-01	1.314E-02	3.460E-01	1.444E-02
2.185E-01	6.135E-01	9.705E-03	2.674E-01	1.312E-02	3.462E-01	1.438E-02
2.195E-01	6.131E-01	9.688E-03	2.668E-01	1.310E-02	3.463E-01	1.432E-02
2.205E-01	6.126E-01	9.671E-03	2.663E-01	1.309E-02	3.464E-01	1.427E-02
2.215E-01	6.122E-01	9.655E-03	2.657E-01	1.307E-02	3.465E-01	1.421E-02
2.225E-01	6.117E-01	9.639E-03	2.651E-01	1.306E-02	3.465E-01	1.415E-02
2.235E-01	6.112E-01	9.623E-03	2.646E-01	1.304E-02	3.466E-01	1.410E-02
2.245E-01	6.107E-01	9.608E-03	2.640E-01	1.302E-02	3.467E-01	1.404E-02
2.255E-01	6.102E-01	9.592E-03	2.634E-01	1.300E-02	3.467E-01	1.398E-02
2.265E-01	6.096E-01	9.577E-03	2.628E-01	1.298E-02	3.468E-01	1.392E-02
2.275E-01	6.091E-01	9.562E-03	2.623E-01	1.296E-02	3.468E-01	1.387E-02
2.285E-01	6.085E-01	9.547E-03	2.617E-01	1.295E-02	3.469E-01	1.381E-02
2.295E-01	6.080E-01	9.532E-03	2.611E-01	1.292E-02	3.469E-01	1.375E-02
2.305E-01	6.074E-01	9.517E-03	2.604E-01	1.290E-02	3.469E-01	1.370E-02
2.315E-01	6.068E-01	9.502E-03	2.598E-01	1.288E-02	3.469E-01	1.364E-02
2.325E-01	6.062E-01	9.488E-03	2.592E-01	1.286E-02	3.469E-01	1.358E-02
2.335E-01	6.055E-01	9.474E-03	2.586E-01	1.284E-02	3.469E-01	1.352E-02
2.345E-01	6.049E-01	9.460E-03	2.580E-01	1.282E-02	3.469E-01	1.347E-02
2.355E-01	6.042E-01	9.447E-03	2.573E-01	1.279E-02	3.469E-01	1.341E-02
2.365E-01	6.036E-01	9.434E-03	2.567E-01	1.277E-02	3.469E-01	1.335E-02
2.375E-01	6.029E-01	9.421E-03	2.561E-01	1.274E-02	3.469E-01	1.329E-02
2.385E-01	6.022E-01	9.408E-03	2.554E-01	1.272E-02	3.468E-01	1.324E-02
2.395E-01	6.015E-01	9.395E-03	2.547E-01	1.269E-02	3.468E-01	1.318E-02
2.405E-01	6.008E-01	9.382E-03	2.541E-01	1.267E-02	3.467E-01	1.313E-02
2.415E-01	6.001E-01	9.370E-03	2.534E-01	1.264E-02	3.467E-01	1.307E-02
2.425E-01	5.993E-01	9.357E-03	2.528E-01	1.261E-02	3.466E-01	1.302E-02
2.435E-01	5.986E-01	9.343E-03	2.521E-01	1.258E-02	3.465E-01	1.296E-02
2.445E-01	5.978E-01	9.330E-03	2.514E-01	1.256E-02	3.464E-01	1.291E-02
2.455E-01	5.971E-01	9.316E-03	2.507E-01	1.253E-02	3.464E-01	1.286E-02
2.465E-01	5.963E-01	9.302E-03	2.500E-01	1.250E-02	3.463E-01	1.280E-02
2.475E-01	5.955E-01	9.287E-03	2.493E-01	1.247E-02	3.462E-01	1.275E-02
2.485E-01	5.947E-01	9.272E-03	2.486E-01	1.243E-02	3.461E-01	1.270E-02
2.495E-01	5.939E-01	9.256E-03	2.479E-01	1.240E-02	3.460E-01	1.265E-02
2.505E-01	5.931E-01	9.240E-03	2.472E-01	1.237E-02	3.459E-01	1.260E-02
2.515E-01	5.923E-01	9.224E-03	2.465E-01	1.234E-02	3.458E-01	1.256E-02
2.525E-01	5.914E-01	9.209E-03	2.458E-01	1.231E-02	3.456E-01	1.251E-02
2.535E-01	5.906E-01	9.194E-03	2.451E-01	1.227E-02	3.455E-01	1.247E-02
2.545E-01	5.897E-01	9.181E-03	2.443E-01	1.224E-02	3.454E-01	1.243E-02
2.555E-01	5.888E-01	9.168E-03	2.436E-01	1.221E-02	3.452E-01	1.240E-02
2.565E-01	5.879E-01	9.157E-03	2.428E-01	1.218E-02	3.451E-01	1.237E-02
2.575E-01	5.870E-01	9.147E-03	2.421E-01	1.215E-02	3.449E-01	1.234E-02
2.585E-01	5.861E-01	9.138E-03	2.414E-01	1.212E-02	3.448E-01	1.232E-02
2.595E-01	5.852E-01	9.131E-03	2.406E-01	1.209E-02	3.446E-01	1.230E-02
2.605E-01	5.843E-01	9.124E-03	2.399E-01	1.207E-02	3.445E-01	1.229E-02
2.615E-01	5.834E-01	9.119E-03	2.391E-01	1.204E-02	3.443E-01	1.227E-02
2.625E-01	5.824E-01	9.114E-03	2.383E-01	1.201E-02	3.441E-01	1.226E-02
2.635E-01	5.815E-01	9.110E-03	2.376E-01	1.198E-02	3.439E-01	1.225E-02
2.645E-01	5.805E-01	9.107E-03	2.368E-01	1.195E-02	3.437E-01	1.225E-02
2.655E-01	5.795E-01	9.103E-03	2.361E-01	1.192E-02	3.435E-01	1.224E-02
2.665E-01	5.786E-01	9.100E-03	2.353E-01	1.189E-02	3.433E-01	1.224E-02
2.675E-01	5.776E-01	9.098E-03	2.345E-01	1.187E-02	3.430E-01	1.223E-02
2.685E-01	5.766E-01	9.096E-03	2.338E-01	1.184E-02	3.428E-01	1.224E-02
2.695E-01	5.756E-01	9.095E-03	2.330E-01	1.181E-02	3.426E-01	1.224E-02
2.705E-01	5.745E-01	9.094E-03	2.322E-01	1.178E-02	3.423E-01	1.224E-02
2.715E-01	5.735E-01	9.093E-03	2.314E-01	1.176E-02	3.421E-01	1.225E-02
2.725E-01	5.725E-01	9.092E-03	2.306E-01	1.173E-02	3.418E-01	1.226E-02
2.735E-01	5.714E-01	9.092E-03	2.299E-01	1.170E-02	3.416E-01	1.227E-02
2.745E-01	5.704E-01	9.091E-03	2.291E-01	1.167E-02	3.413E-01	1.228E-02
2.755E-01	5.693E-01	9.089E-03	2.283E-01	1.164E-02	3.410E-01	1.229E-02
2.765E-01	5.682E-01	9.087E-03	2.275E-01	1.162E-02	3.407E-01	1.230E-02
2.775E-01	5.672E-01	9.084E-03	2.267E-01	1.159E-02	3.405E-01	1.231E-02
2.785E-01	5.661E-01	9.080E-03	2.259E-01	1.156E-02	3.402E-01	1.231E-02
2.795E-01	5.650E-01	9.075E-03	2.251E-01	1.152E-02	3.399E-01	1.232E-02
2.805E-01	5.639E-01	9.068E-03	2.243E-01	1.149E-02	3.395E-01	1.232E-02
2.815E-01	5.628E-01	9.060E-03	2.235E-01	1.146E-02	3.392E-01	1.232E-02
2.825E-01	5.616E-01	9.050E-03	2.227E-01	1.142E-02	3.389E-01	1.232E-02
2.835E-01	5.605E-01	9.037E-03	2.219E-01	1.139E-02	3.386E-01	1.231E-02
2.845E-01	5.594E-01	9.022E-03	2.211E-01	1.135E-02	3.382E-01	1.230E-02
2.855E-01	5.582E-01	9.004E-03	2.203E-01	1.131E-02	3.379E-01	1.229E-02
2.865E-01	5.571E-01	8.983E-03	2.195E-01	1.126E-02	3.375E-01	1.227E-02
2.875E-01	5.559E-01	8.960E-03	2.187E-01	1.122E-02	3.372E-01	1.224E-02
2.885E-01	5.548E-01	8.934E-03	2.179E-01	1.117E-02	3.368E-01	1.222E-02
2.895E-01	5.536E-01	8.907E-03	2.171E-01	1.112E-02	3.364E-01	1.219E-02
2.905E-01	5.524E-01	8.878E-03	2.163E-01	1.107E-02	3.361E-01	1.216E-02
2.915E-01	5.512E-01	8.848E-03	2.155E-01	1.103E-02	3.357E-01	1.212E-02
2.925E-01	5.500E-01	8.816E-03	2.147E-01	1.098E-02	3.353E-01	1.209E-02
2.935E-01	5.488E-01	8.785E-03	2.139E-01	1.093E-02	3.349E-01	1.206E-02
2.945E-01	5.476E-01	8.753E-03	2.131E-01	1.088E-02	3.345E-01	1.202E-02
2.955E-01	5.464E-01	8.721E-03	2.123E-01	1.083E-02	3.341E-01	1.198E-02
2.965E-01	5.451E-01	8.689E-03	2.115E-01	1.078E-02	3.337E-01	1.195E-02
2.975E-01	5.439E-01	8.657E-03	2.107E-01	1.073E-02	3.332E-01	1.192E-02
2.985E-01	5.427E-01	8.626E-03	2.099E-01	1.069E-02	3.328E-01	1.188E-02
2.995E-01	5.414E-01	8.596E-03	2.090E-01	1.064E-02	3.324E-01	1.185E-02
3.005E-01	5.402E-01	8.566E-03	2.082E-01	1.060E-02	3.319E-01	1.182E-02
3.015E-01	5.389E-01	8.538E-03	2.074E-01	1.055E-02	3.315E-01	1.179E-02
3.025E-01	5.376E-01	8.511E-03	2.066E-01	1.051E-02	3.310E-01	1.176E-02
3.035E-01	5.364E-01	8.483E-03	2.058E-01	1.047E-02	3.306E-01	1.173E-02
3.045E-01	5.351E-01	8.455E-03	2.050E-01	1.043E-02	3.301E-01	1.170E-02
3.055E-01	5.338E-01	8.426E-03	2.042E-01	1.039E-02	3.296E-01	1.168E-02
3.065E-01	5.325E-01	8.398E-03	2.033E-01	1.034E-02	3.292E-01	1.165E-02
3.075E-01	5.312E-01	8.369E-03	2.025E-01	1.030E-02	3.287E-01	1.162E-02
3.085E-01	5.299E-01	8.341E-03	2.017E-01	1.026E-02	3.282E-01	1.159E-02
3.095E-01	5.286E-01	8.313E-03	2.009E-01	1.022E-02	3.277E-01	1.156E-02
3.105E-01	5.272E-01	8.285E-03	2.000E-01	1.018E-02	3.272E-01	1.153E-02
3.115E-01	5.259E-01	8.258E-03	1.992E-01	1.014E-02	3.267E-01	1.151E-02
3.125E-01	5.246E-01	8.231E-03	1.984E-01	1.011E-02	3.262E-01	1.148E-02
3.135E-01	5.232E-01	8.206E-03	1.976E-01	1.007E-02	3.257E-01	1.146E-02
3.145E-01	5.219E-01	8.181E-03	1.967E-01	1.003E-02	3.251E-01	1.143E-02
3.155E-01	5.205E-01	8.157E-03	1.959E-01	9.998E-03	3.246E-01	1.141E-02
3.165E-01	5.192E-01	8.133E-03	1.951E-01	9.963E-03	3.241E-01	1.139E-02
3.175E-01	5.178E-01	8.111E-03	1.943E-01	9.929E-03	3.235E-01	1.136E-02
3.185E-01	5.164E-01	8.090E-03	1.934E-01	9.895E-03	3.230E-01	1.134E-02
3.195E-01	5.150E-01	8.070E-03	1.926E-01	9.862E-03	3.224E-01	1.132E-02
3.205E-01	5.137E-01	8.051E-03	1.918E-01	9.830E-03	3.219E-01	1.130E-02
3.215E-01	5.123E-01	8.034E-03	1.910E-01	9.798E-03	3.213E-01	1.128E-02
3.225E-01	5.109E-01	8.017E-03	1.901E-01	9.766E-03	3.207E-01	1.126E-02
3.235E-01	5.095E-01	8.001E-03	1.893E-01	9.734E-03	3.202E-01	1.124E-02
3.245E-01	5.081E-01	7.987E-03	1.885E-01	9.703E-03	3.196E-01	1.123E-02
3.255E-01	5.066E-01	7.973E-03	1.876E-01	9.672E-03	3.190E-01	1.121E-02
3.265E-01	5.052E-01	7.960E-03	1.868E-01	9.641E-03	3.184E-01	1.119E-02
3.275E-01	5.038E-01	7.948E-03	1.860E-01	9.612E-03	3.178E-01	1.118E-02
3.285E-01	5.024E-01	7.937E-03	1.852E-01	9.583E-03	3.172E-01	1.116E-02
3.295E-01	5.009E-01	7.927E-03	1.843E-01	9.555E-03	3.166E-01	1.115E-02
3.305E-01	4.995E-01	7.917E-03	1.835E-01	9.527E-03	3.160E-01	1.114E-02
3.315E-01	4.980E-01	7.909E-03	1.827E-01	9.501E-03	3.154E-01	1.113E-02
3.325E-01	4.966E-01	7.900E-03	1.818E-01	9.476E-03	3.147E-01	1.112E-02
3.335E-01	4.951E-01	7.892E-03	1.810E-01	9.451E-03	3.141E-01	1.111E-02
3.345E-01	4.936E-01	7.885E-03	1.802E-01	9.428E-03	3.135E-01	1.110E-02
3.355E-01	4.922E-01	7.877E-03	1.793E-01	9.406E-03	3.128E-01	1.110E-02
3.365E-01	4.907E-01	7.870E-03	1.785E-01	9.384E-03	3.122E-01	1.109E-02
3.375E-01	4.892E-01	7.863E-03	1.777E-01	9.364E-03	3.115E-01	1.109E-02
3.385E-01	4.878E-01	7.856E-03	1.769E-01	9.345E-03	3.109E-01	1.108E-02
3.395E-01	4.863E-01	7.849E-03	1.760E-01	9.327E-03	3.102E-01	1.108E-02
3.405E-01	4.848E-01	7.842E-03	1.752E-01	9.310E-03	3.096E-01	1.108E-02
3.415E-01	4.833E-01	7.836E-03	1.744E-01	9.293E-03	3.089E-01	1.108E-02
3.425E-01	4.818E-01	7.831E-03	1.736E-01	9.278E-03	3.082E-01	1.108E-02
3.435E-01	4.803E-01	7.827E-03	1.727E-01	9.264E-03	3.076E-01	1.109E-02
3.445E-01	4.788E-01	7.823E-03	1.719E-01	9.251E-03	3.069E-01	1.109E-02
3.455E-01	4.773E-01	7.819E-03	1.711E-01	9.238E-03	3.062E-01	1.110E-02
3.465E-01	4.758E-01	7.816E-03	1.703E-01	9.227E-03	3.055E-01	1.111E-02
3.475E-01	4.742E-01	7.813E-03	1.694E-01	9.217E-03	3.048E-01	1.112E-02
3.485E-01	4.727E-01	7.811E-03	1.686E-01	9.209E-03	3.041E-01	1.113E-02
3.495E-01	4.712E-01	7.808E-03	1.678E-01	9.201E-03	3.034E-01	1.114E-02
3.505E-01	4.697E-01	7.806E-03	1.670E-01	9.194E-03	3.027E-01	1.115E-02
3.515E-01	4.681E-01	7.804E-03	1.662E-01	9.189E-03	3.020E-01	1.116E-02
3.525E-01	4.666E-01	7.801E-03	1.653E-01	9.184E-03	3.013E-01	1.118E-02
3.535E-01	4.651E-01	7.799E-03	1.645E-01	9.180E-03	3.005E-01	1.119E-02
3.545E-01	4.635E-01	7.796E-03	1.637E-01	9.178E-03	2.998E-01	1.121E-02
3.555E-01	4.620E-01	7.793E-03	1.629E-01	9.176E-03	2.991E-01	1.122E-02
3.565E-01	4.604E-01	7.790E-03	1.621E-01	9.176E-03	2.984E-01	1.124E-02
3.575E-01	4.589E-01	7.786E-03	1.613E-01	9.176E-03	2.976E-01	1.126E-02
3.585E-01	4.573E-01	7.782E-03	1.604E-01	9.178E-03	2.969E-01	1.128E-02
3.595E-01	4.558E-01	7.779E-03	1.596E-01	9.181E-03	2.961E-01	1.130E-02
3.605E-01	4.542E-01	7.777E-03	1.588E-01	9.185E-03	2.954E-01	1.132E-02
3.615E-01	4.526E-01	7.775E-03	1.580E-01	9.191E-03	2.946E-01	1.135E-02
3.625E-01	4.511E-01	7.773E-03	1.572E-01	9.198E-03	2.939E-01	1.137E-02
3.635E-01	4.495E-01	7.773E-03	1.564E-01	9.208E-03	2.931E-01	1.140E-02
3.645E-01	4.479E-01	7.773E-03	1.556E-01	9.218E-03	2.924E-01	1.144E-02
3.655E-01	4.464E-01	7.774E-03	1.548E-01	9.231E-03	2.916E-01	1.147E-02
3.665E-01	4.448E-01	7.775E-03	1.540E-01	9.245E-03	2.908E-01	1.151E-02
3.675E-01	4.432E-01	7.777E-03	1.532E-01	9.261E-03	2.901E-01	1.155E-02
3.685E-01	4.416E-01	7.779E-03	1.523E-01	9.278E-03	2.893E-01	1.160E-02
3.695E-01	4.401E-01	7.782E-03	1.515E-01	9.296E-03	2.885E-01	1.164E-02
3.705E-01	4.385E-01	7.785E-03	1.508E-01	9.315E-03	2.877E-01	1.169E-02
3.715E-01	4.369E-01	7.788E-03	1.500E-01	9.335E-03	2.869E-01	1.174E-02
3.725E-01	4.353E-01	7.790E-03	1.492E-01	9.356E-03	2.861E-01	1.179E-02
3.735E-01	4.337E-01	7.792E-03	1.484E-01	9.377E-03	2.853E-01	1.184E-02
3.745E-01	4.321E-01	7.793E-03	1.476E-01	9.398E-03	2.845E-01	1.189E-02
3.755E-01	4.305E-01	7.794E-03	1.468E-01	9.419E-03	2.837E-01	1.194E-02
3.765E-01	4.289E-01	7.793E-03	1.460E-01	9.440E-03	2.829E-01	1.198E-02
3.775E-01	4.273E-01	7.794E-03	1.453E-01	9.463E-03	2.820E-01	1.204E-02
3.785E-01	4.257E-01	7.795E-03	1.445E-01	9.487E-03	2.812E-01	1.209E-02
3.795E-01	4.241E-01	7.797E-03	1.437E-01	9.512E-03	2.804E-01	1.214E-02
3.805E-01	4.225E-01	7.798E-03	1.429E-01	9.538E-03	2.795E-01	1.220E-02
3.815E-01	4.209E-01	7.800E-03	1.422E-01	9.564E-03	2.787E-01	1.225E-02
3.825E-01	4.192E-01	7.801E-03	1.414E-01	9.591E-03	2.778E-01	1.231E-02
3.835E-01	4.176E-01	7.802E-03	1.406E-01	9.617E-03	2.770E-01	1.237E-02
3.845E-01	4.160E-01	7.802E-03	1.399E-01	9.644E-03	2.761E-01	1.242E-02
3.855E-01	4.144E-01	7.801E-03	1.391E-01	9.671E-03	2.753E-01	1.247E-02
3.865E-01	4.127E-01	7.799E-03	1.384E-01	9.696E-03	2.744E-01	1.253E-02
3.875E-01	4.111E-01	7.796E-03	1.376E-01	9.721E-03	2.735E-01	1.257E-02
3.885E-01	4.095E-01	7.790E-03	1.369E-01	9.745E-03	2.726E-01	1.262E-02
3.895E-01	4.079E-01	7.782E-03	1.361E-01	9.768E-03	2.717E-01	1.266E-02
3.905E-01	4.062E-01	7.773E-03	1.354E-01	9.788E-03	2.708E-01	1.270E-02
3.915E-01	4.046E-01	7.760E-03	1.346E-01	9.807E-03	2.699E-01	1.273E-02
3.925E-01	4.030E-01	7.745E-03	1.339E-01	9.824E-03	2.690E-01	1.276E-02
3.935E-01	4.013E-01	7.726E-03	1.332E-01	9.838E-03	2.681E-01	1.279E-02
3.945E-01	3.997E-01	7.705E-03	1.325E-01	9.849E-03	2.672E-01	1.280E-02
3.955E-01	3.981E-01	7.680E-03	1.318E-01	9.859E-03	2.663E-01	1.281E-02
3.965E-01	3.964E-01	7.652E-03	1.311E-01	9.866E-03	2.653E-01	1.282E-02
3.975E-01	3.948E-01	7.621E-03	1.304E-01	9.872E-03	2.644E-01	1.282E-02
3.985E-01	3.931E-01	7.588E-03	1.297E-01	9.877E-03	2.635E-01	1.282E-02
3.995E-01	3.915E-01	7.554E-03	1.290E-01	9.880E-03	2.625E-01	1.282E-02
4.005E-01	3.898E-01	7.519E-03	1.283E-01	9.882E-03	2.615E-01	1.281E-02
4.015E-01	3.882E-01	7.483E-03	1.276E-01	9.884E-03	2.606E-01	1.280E-02
4.025E-01	3.865E-01	7.447E-03	1.269E-01	9.885E-03	2.596E-01	1.279E-02
4.035E-01	3.849E-01	7.411E-03	1.262E-01	9.885E-03	2.586E-01	1.279E-02
4.045E-01	3.832E-01	7.376E-03	1.256E-01	9.886E-03	2.576E-01	1.278E-02
4.055E-01	3.816E-01	7.342E-03	1.249E-01	9.886E-03	2.567E-01	1.277E-02
4.065E-01	3.799E-01	7.309E-03	1.242E-01	9.886E-03	2.557E-01	1.277E-02
4.075E-01	3.782E-01	7.277E-03	1.236E-01	9.887E-03	2.547E-01	1.276E-02
4.085E-01	3.766E-01	7.247E-03	1.229E-01	9.887E-03	2.537E-01	1.276E-02
4.095E-01	3.749E-01	7.219E-03	1.222E-01	9.887E-03	2.527E-01	1.276E-02
4.105E-01	3.733E-01	7.193E-03	1.216E-01	9.887E-03	2.517E-01	1.276E-02
4.115E-01	3.716E-01	7.168E-03	1.209E-01	9.888E-03	2.507E-01	1.276E-02
4.125E-01	3.700E-01	7.145E-03	1.203E-01	9.888E-03	2.497E-01	1.276E-02
4.135E-01	3.683E-01	7.123E-03	1.196E-01	9.888E-03	2.487E-01	1.276E-02
4.145E-01	3.667E-01	7.102E-03	1.190E-01	9.888E-03	2.477E-01	1.276E-02
4.155E-01	3.650E-01	7.081E-03	1.183E-01	9.888E-03	2.467E-01	1.277E-02
4.165E-01	3.634E-01	7.062E-03	1.177E-01	9.888E-03	2.457E-01	1.277E-02
4.175E-01	3.617E-01	7.044E-03	1.170E-01	9.888E-03	2.447E-01	1.278E-02
4.185E-01	3.601E-01	7.027E-03	1.164E-01	9.888E-03	2.437E-01	1.278E-02
4.195E-01	3.584E-01	7.012E-03	1.158E-01	9.889E-03	2.426E-01	1.279E-02
4.205E-01	3.568E-01	6.998E-03	1.151E-01	9.889E-03	2.416E-01	1.280E-02
4.215E-01	3.551E-01	6.986E-03	1.145E-01	9.889E-03	2.406E-01	1.281E-02
4.225E-01	3.534E-01	6.976E-03	1.139E-01	9.889E-03	2.396E-01	1.282E-02
4.235E-01	3.518E-01	6.966E-03	1.133E-01	9.889E-03	2.385E-01	1.284E-02
4.245E-01	3.501E-01	6.958E-03	1.126E-01	9.888E-03	2.375E-01	1.285E-02
4.255E-01	3.485E-01	6.951E-03	1.120E-01	9.886E-03	2.365E-01	1.286E-02
4.265E-01	3.469E-01	6.945E-03	1.114E-01	9.883E-03	2.355E-01	1.287E-02
4.275E-01	3.452E-01	6.940E-03	1.108E-01	9.880E-03	2.344E-01	1.288E-02
4.285E-01	3.436E-01	6.935E-03	1.102E-01	9.875E-03	2.334E-01	1.288E-02
4.295E-01	3.419E-01	6.930E-03	1.096E-01	9.869E-03	2.324E-01	1.289E-02
4.305E-01	3.403E-01	6.925E-03	1.089E-01	9.862E-03	2.314E-01	1.289E-02
4.315E-01	3.387E-01	6.920E-03	1.083E-01	9.853E-03	2.303E-01	1.288E-02
4.325E-01	3.370E-01	6.915E-03	1.077E-01	9.842E-03	2.293E-01	1.288E-02
4.335E-01	3.354E-01	6.910E-03	1.071E-01	9.830E-03	2.283E-01	1.287E-02
4.345E-01	3.338E-01	6.905E-03	1.065E-01	9.817E-03	2.273E-01	1.286E-02
4.355E-01	3.321E-01	6.900E-03	1.059E-01	9.803E-03	2.262E-01	1.285E-02
4.365E-01	3.305E-01	6.895E-03	1.053E-01	9.789E-03	2.252E-01	1.284E-02
4.375E-01	3.289E-01	6.891E-03	1.047E-01	9.774E-03	2.242E-01	1.283E-02
4.385E-01	3.273E-01	6.887E-03	1.041E-01	9.759E-03	2.232E-01	1.282E-02
4.395E-01	3.256E-01	6.884E-03	1.035E-01	9.744E-03	2.221E-01	1.280E-02
4.405E-01	3.240E-01	6.881E-03	1.029E-01	9.729E-03	2.211E-01	1.279E-02
4.415E-01	3.224E-01	6.879E-03	1.023E-01	9.714E-03	2.201E-01	1.278E-02
4.425E-01	3.208E-01	6.877E-03	1.017E-01	9.700E-03	2.191E-01	1.277E-02
4.435E-01	3.192E-01	6.876E-03	1.011E-01	9.686E-03	2.180E-01	1.276E-02
4.445E-01	3.176E-01	6.876E-03	1.006E-01	9.673E-03	2.170E-01	1.275E-02
4.455E-01	3.160E-01	6.876E-03	9.998E-02	9.661E-03	2.160E-01	1.275E-02
4.465E-01	3.144E-01	6.876E-03	9.940E-02	9.649E-03	2.150E-01	1.274E-02
4.475E-01	3.128E-01	6.876E-03	9.882E-02	9.638E-03	2.140E-01	1.274E-02
4.485E-01	3.112E-01	6.877E-03	9.824E-02	9.629E-03	2.129E-01	1.274E-02
4.495E-01	3.096E-01	6.878E-03	9.766E-02	9.620E-03	2.119E-01	1.273E-02
4.505E-01	3.080E-01	6.879E-03	9.709E-02	9.611E-03	2.109E-01	1.273E-02
4.515E-01	3.064E-01	6.882E-03	9.652E-02	9.603E-03	2.099E-01	1.273E-02
4.525E-01	3.048E-01	6.885E-03	9.595E-02	9.597E-03	2.089E-01	1.274E-02
4.535E-01	3.032E-01	6.889E-03	9.538E-02	9.591E-03	2.079E-01	1.274E-02
4.545E-01	3.017E-01	6.893E-03	9.482E-02	9.586E-03	2.068E-01	1.275E-02
4.555E-01	3.001E-01	6.899E-03	9.425E-02	9.583E-03	2.058E-01	1.275E-02
4.565E-01	2.985E-01	6.904E-03	9.369E-02	9.580E-03	2.048E-01	1.276E-02
4.575E-01	2.969E-01	6.910E-03	9.313E-02	9.579E-03	2.038E-01	1.277E-02
4.585E-01	2.954E-01	6.916E-03	9.257E-02	9.579E-03	2.028E-01	1.279E-02
4.595E-01	2.938E-01	6.923E-03	9.202E-02	9.580E-03	2.018E-01	1.280E-02
4.605E-01	2.922E-01	6.929E-03	9.147E-02	9.582E-03	2.008E-01	1.282E-02
4.615E-01	2.907E-01	6.934E-03	9.091E-02	9.585E-03	1.997E-01	1.283E-02
4.625E-01	2.891E-01	6.939E-03	9.036E-02	9.589E-03	1.987E-01	1.285E-02
4.635E-01	2.876E-01	6.943E-03	8.981E-02	9.594E-03	1.977E-01	1.286E-02
4.645E-01	2.860E-01	6.946E-03	8.927E-02	9.600E-03	1.967E-01	1.288E-02
4.655E-01	2.845E-01	6.947E-03	8.872E-02	9.606E-03	1.957E-01	1.289E-02
4.665E-01	2.829E-01	6.947E-03	8.818E-02	9.613E-03	1.947E-01	1.291E-02
4.675E-01	2.814E-01	6.945E-03	8.764E-02	9.621E-03	1.938E-01	1.292E-02
4.685E-01	2.799E-01	6.941E-03	8.710E-02	9.629E-03	1.928E-01	1.293E-02
4.695E-01	2.784E-01	6.935E-03	8.656E-02	9.638E-03	1.918E-01	1.295E-02
4.705E-01	2.768E-01	6.929E-03	8.603E-02	9.648E-03	1.908E-01	1.296E-02
4.715E-01	2.753E-01	6.921E-03	8.549E-02	9.659E-03	1.898E-01	1.297E-02
4.725E-01	2.738E-01	6.912E-03	8.496E-02	9.672E-03	1.889E-01	1.298E-02
4.735E-01	2.723E-01	6.903E-03	8.443E-02	9.686E-03	1.879E-01	1.300E-02
4.745E-01	2.708E-01	6.893E-03	8.390E-02	9.701E-03	1.869E-01	1.301E-02
4.755E-01	2.693E-01	6.883E-03	8.337E-02	9.718E-03	1.859E-01	1.303E-02
4.765E-01	2.678E-01	6.873E-03	8.285E-02	9.737E-03	1.850E-01	1.305E-02
4.775E-01	2.663E-01	6.863E-03	8.233E-02	9.757E-03	1.840E-01	1.307E-02
4.785E-01	2.648E-01	6.853E-03	8.180E-02	9.779E-03	1.830E-01	1.309E-02
4.795E-01	2.634E-01	6.843E-03	8.129E-02	9.803E-03	1.821E-01	1.311E-02
4.805E-01	2.619E-01	6.833E-03	8.077E-02	9.828E-03	1.811E-01	1.314E-02
4.815E-01	2.604E-01	6.823E-03	8.025E-02	9.855E-03	1.802E-01	1.317E-02
4.825E-01	2.589E-01	6.814E-03	7.974E-02	9.883E-03	1.792E-01	1.320E-02
4.835E-01	2.575E-01	6.804E-03	7.923E-02	9.912E-03	1.782E-01	1.323E-02
4.845E-01	2.560E-01	6.795E-03	7.873E-02	9.943E-03	1.773E-01	1.326E-02
4.855E-01	2.545E-01	6.786E-03	7.822E-02	9.974E-03	1.763E-01	1.330E-02
4.865E-01	2.531E-01	6.777E-03	7.772E-02	1.001E-02	1.754E-01	1.333E-02
4.875E-01	2.516E-01	6.768E-03	7.722E-02	1.004E-02	1.744E-01	1.337E-02
4.885E-01	2.502E-01	6.760E-03	7.672E-02	1.008E-02	1.735E-01	1.341E-02
4.895E-01	2.487E-01	6.751E-03	7.622E-02	1.012E-02	1.725E-01	1.346E-02
4.905E-01	2.473E-01	6.743E-03	7.573E-02	1.016E-02	1.716E-01	1.350E-02
4.915E-01	2.459E-01	6.735E-03	7.523E-02	1.020E-02	1.706E-01	1.355E-02
4.925E-01	2.444E-01	6.728E-03	7.474E-02	1.024E-02	1.697E-01	1.360E-02
4.935E-01	2.430E-01	6.720E-03	7.425E-02	1.029E-02	1.688E-01	1.365E-02
4.945E-01	2.416E-01	6.713E-03	7.377E-02	1.034E-02	1.678E-01	1.370E-02
4.955E-01	2.402E-01	6.705E-03	7.328E-02	1.038E-02	1.669E-01	1.376E-02
4.965E-01	2.387E-01	6.697E-03	7.280E-02	1.043E-02	1.659E-01	1.381E-02
4.975E-01	2.373E-01	6.689E-03	7.232E-02	1.048E-02	1.650E-01	1.386E-02
4.985E-01	2.359E-01	6.680E-03	7.185E-02	1.053E-02	1.641E-01	1.392E-02
4.995E-01	2.345E-01	6.670E-03	7.137E-02	1.058E-02	1.631E-01	1.397E-02
5.005E-01	2.331E-01	6.659E-03	7.090E-02	1.063E-02	1.622E-01	1.401E-02
5.015E-01	2.317E-01	6.646E-03	7.043E-02	1.067E-02	1.613E-01	1.406E-02
5.025E-01	2.303E-01	6.632E-03	6.996E-02	1.072E-02	1.603E-01	1.410E-02
5.035E-01	2.289E-01	6.615E-03	6.950E-02	1.076E-02	1.594E-01	1.413E-02
5.045E-01	2.275E-01	6.597E-03	6.904E-02	1.081E-02	1.585E-01	1.417E-02
5.055E-01	2.261E-01	6.576E-03	6.858E-02	1.085E-02	1.576E-01	1.419E-02
5.065E-01	2.248E-01	6.553E-03	6.813E-02	1.089E-02	1.566E-01	1.421E-02
5.075E-01	2.234E-01	6.528E-03	6.767E-02	1.093E-02	1.557E-01	1.423E-02
5.085E-01	2.220E-01	6.501E-03	6.722E-02	1.096E-02	1.548E-01	1.425E-02
5.095E-01	2.206E-01	6.473E-03	6.677E-02	1.100E-02	1.539E-01	1.426E-02
5.105E-01	2.193E-01	6.443E-03	6.632E-02	1.104E-02	1.529E-01	1.427E-02
5.115E-01	2.179E-01	6.413E-03	6.588E-02	1.107E-02	1.520E-01	1.428E-02
5.125E-01	2.165E-01	6.381E-03	6.544E-02	1.111E-02	1.511E-01	1.428E-02
5.135E-01	2.152E-01	6.350E-03	6.500E-02	1.114E-02	1.502E-01	1.429E-02
5.145E-01	2.138E-01	6.317E-03	6.456E-02	1.118E-02	1.493E-01	1.430E-02
5.155E-01	2.125E-01	6.285E-03	6.413E-02	1.122E-02	1.484E-01	1.430E-02
5.165E-01	2.111E-01	6.252E-03	6.370E-02	1.125E-02	1.474E-01	1.431E-02
5.175E-01	2.098E-01	6.220E-03	6.327E-02	1.129E-02	1.465E-01	1.431E-02
5.185E-01	2.085E-01	6.188E-03	6.284E-02	1.133E-02	1.456E-01	1.432E-02
5.195E-01	2.071E-01	6.157E-03	6.242E-02	1.137E-02	1.447E-01	1.433E-02
5.205E-01	2.058E-01	6.126E-03	6.200E-02	1.141E-02	1.438E-01	1.434E-02
5.215E-01	2.045E-01	6.095E-03	6.158E-02	1.145E-02	1.429E-01	1.435E-02
5.225E-01	2.031E-01	6.066E-03	6.117E-02	1.149E-02	1.420E-01	1.437E-02
5.235E-01	2.018E-01	6.036E-03	6.076E-02	1.153E-02	1.411E-01	1.438E-02
5.245E-01	2.005E-01	6.006E-03	6.035E-02	1.157E-02	1.402E-01	1.440E-02
5.255E-01	1.992E-01	5.977E-03	5.994E-02	1.161E-02	1.392E-01	1.441E-02
5.265E-01	1.979E-01	5.947E-03	5.954E-02	1.165E-02	1.383E-01	1.443E-02
5.275E-01	1.966E-01	5.918E-03	5.914E-02	1.170E-02	1.374E-01	1.444E-02
5.285E-01	1.953E-01	5.890E-03	5.874E-02	1.174E-02	1.365E-01	1.446E-02
5.295E-01	1.940E-01	5.862E-03	5.834E-02	1.179E-02	1.356E-01	1.448E-02
5.305E-01	1.927E-01	5.835E-03	5.795E-02	1.183E-02	1.347E-01	1.450E-02
5.315E-01	1.914E-01	5.809E-03	5.756E-02	1.188E-02	1.338E-01	1.453E-02
5.325E-01	1.901E-01	5.784E-03	5.717E-02	1.192E-02	1.329E-01	1.455E-02
5.335E-01	1.888E-01	5.760E-03	5.678E-02	1.197E-02	1.320E-01	1.458E-02
5.345E-01	1.875E-01	5.737E-03	5.640E-02	1.202E-02	1.311E-01	1.461E-02
5.355E-01	1.862E-01	5.714E-03	5.603E-02	1.207E-02	1.302E-01	1.464E-02
5.365E-01	1.850E-01	5.693E-03	5.565E-02	1.212E-02	1.293E-01	1.467E-02
5.375E-01	1.837E-01	5.672E-03	5.528E-02	1.217E-02	1.284E-01	1.471E-02
5.385E-01	1.824E-01	5.651E-03	5.491E-02	1.222E-02	1.275E-01	1.475E-02
5.395E-01	1.812E-01	5.630E-03	5.455E-02	1.227E-02	1.266E-01	1.478E-02
5.405E-01	1.799E-01	5.610E-03	5.419E-02	1.233E-02	1.257E-01	1.482E-02
5.415E-01	1.786E-01	5.590E-03	5.384E-02	1.238E-02	1.248E-01	1.487E-02
5.425E-01	1.774E-01	5.569E-03	5.348E-02	1.243E-02	1.239E-01	1.491E-02
5.435E-01	1.761E-01	5.548E-03	5.314E-02	1.249E-02	1.230E-01	1.495E-02
5.445E-01	1.749E-01	5.527E-03	5.279E-02	1.255E-02	1.221E-01	1.500E-02
5.455E-01	1.736E-01	5.507E-03	5.245E-02	1.260E-02	1.212E-01	1.505E-02
5.465E-01	1.724E-01	5.486E-03	5.212E-02	1.266E-02	1.203E-01	1.510E-02
5.475E-01	1.711E-01	5.466E-03	5.178E-02	1.272E-02	1.194E-01	1.515E-02
5.485E-01	1.699E-01	5.447E-03	5.145E-02	1.278E-02	1.184E-01	1.520E-02
5.495E-01	1.687E-01	5.428E-03	5.112E-02	1.284E-02	1.175E-01	1.525E-02
5.505E-01	1.674E-01	5.410E-03	5.080E-02	1.290E-02	1.166E-01	1.531E-02
5.515E-01	1.662E-01	5.394E-03	5.048E-02	1.296E-02	1.157E-01	1.537E-02
5.525E-01	1.650E-01	5.378E-03	5.016E-02	1.302E-02	1.148E-01	1.543E-02
5.535E-01	1.638E-01	5.363E-03	4.984E-02	1.308E-02	1.139E-01	1.549E-02
5.545E-01	1.625E-01	5.350E-03	4.953E-02	1.315E-02	1.130E-01	1.556E-02
5.555E-01	1.613E-01	5.337E-03	4.922E-02	1.321E-02	1.121E-01	1.562E-02
5.565E-01	1.601E-01	5.326E-03	4.891E-02	1.328E-02	1.112E-01	1.569E-02
5.575E-01	1.589E-01	5.317E-03	4.860E-02	1.334E-02	1.103E-01	1.576E-02
5.585E-01	1.577E-01	5.308E-03	4.829E-02	1.341E-02	1.094E-01	1.584E-02
5.595E-01	1.565E-01	5.301E-03	4.799E-02	1.347E-02	1.085E-01	1.591E-02
5.605E-01	1.553E-01	5.294E-03	4.769E-02	1.354E-02	1.076E-01	1.598E-02
5.615E-01	1.542E-01	5.289E-03	4.739E-02	1.360E-02	1.068E-01	1.606E-02
5.625E-01	1.530E-01	5.284E-03	4.710E-02	1.367E-02	1.059E-01	1.614E-02
5.635E-01	1.518E-01	5.282E-03	4.680E-02	1.374E-02	1.050E-01	1.622E-02
5.645E-01	1.506E-01	5.280E-03	4.651E-02	1.381E-02	1.041E-01	1.631E-02
5.655E-01	1.494E-01	5.280E-03	4.623E-02	1.388E-02	1.032E-01	1.639E-02
5.665E-01	1.483E-01	5.281E-03	4.594E-02	1.395E-02	1.023E-01	1.648E-02
5.675E-01	1.471E-01	5.283E-03	4.566E-02	1.402E-02	1.015E-01	1.657E-02
5.685E-01	1.460E-01	5.287E-03	4.538E-02	1.409E-02	1.006E-01	1.666E-02
5.695E-01	1.448E-01	5.292E-03	4.510E-02	1.416E-02	9.970E-02	1.676E-02
5.705E-01	1.437E-01	5.298E-03	4.482E-02	1.423E-02	9.883E-02	1.685E-02
5.715E-01	1.425E-01	5.305E-03	4.455E-02	1.430E-02	9.797E-02	1.694E-02
5.725E-01	1.414E-01	5.312E-03	4.427E-02	1.437E-02	9.711E-02	1.704E-02
5.735E-01	1.403E-01	5.320E-03	4.400E-02	1.444E-02	9.625E-02	1.713E-02
5.745E-01	1.391E-01	5.328E-03	4.373E-02	1.451E-02	9.540E-02	1.722E-02
5.755E-01	1.380E-01	5.336E-03	4.346E-02	1.458E-02	9.456E-02	1.731E-02
5.765E-01	1.369E-01	5.344E-03	4.318E-02	1.464E-02	9.372E-02	1.740E-02
5.775E-01	1.358E-01	5.351E-03	4.291E-02	1.471E-02	9.289E-02	1.749E-02
5.785E-01	1.347E-01	5.358E-03	4.264E-02	1.477E-02	9.206E-02	1.758E-02
5.795E-01	1.336E-01	5.365E-03	4.237E-02	1.483E-02	9.124E-02	1.766E-02
5.805E-01	1.325E-01	5.371E-03	4.211E-02	1.489E-02	9.042E-02	1.775E-02
5.815E-01	1.315E-01	5.377E-03	4.184E-02	1.495E-02	8.961E-02	1.783E-02
5.825E-01	1.304E-01	5.383E-03	4.158E-02	1.501E-02	8.880E-02	1.792E-02
5.835E-01	1.293E-01	5.389E-03	4.131E-02	1.507E-02	8.800E-02	1.800E-02
5.845E-01	1.282E-01	5.395E-03	4.105E-02	1.513E-02	8.720E-02	1.808E-02
5.855E-01	1.272E-01	5.401E-03	4.079E-02	1.519E-02	8.640E-02	1.816E-02
5.865E-01	1.261E-01	5.407E-03	4.053E-02	1.524E-02	8.561E-02	1.824E-02
5.875E-01	1.251E-01	5.413E-03	4.027E-02	1.530E-02	8.482E-02	1.832E-02
5.885E-01	1.241E-01	5.418E-03	4.001E-02	1.535E-02	8.404E-02	1.839E-02
5.895E-01	1.230E-01	5.424E-03	3.976E-02	1.540E-02	8.327E-02	1.847E-02
5.905E-01	1.220E-01	5.430E-03	3.950E-02	1.545E-02	8.249E-02	1.854E-02
5.915E-01	1.210E-01	5.435E-03	3.925E-02	1.550E-02	8.173E-02	1.861E-02
5.925E-01	1.200E-01	5.441E-03	3.899E-02	1.555E-02	8.097E-02	1.868E-02
5.935E-01	1.189E-01	5.446E-03	3.874E-02	1.560E-02	8.021E-02	1.875E-02
5.945E-01	1.179E-01	5.451E-03	3.849E-02	1.565E-02	7.946E-02	1.882E-02
5.955E-01	1.169E-01	5.456E-03	3.824E-02	1.569E-02	7.871E-02	1.888E-02
5.965E-01	1.160E-01	5.461E-03	3.799E-02	1.574E-02	7.797E-02	1.894E-02
5.975E-01	1.150E-01	5.466E-03	3.774E-02	1.578E-02	7.723E-02	1.900E-02
5.985E-01	1.140E-01	5.471E-03	3.749E-02	1.582E-02	7.650E-02	1.906E-02
5.995E-01	1.130E-01	5.477E-03	3.725E-02	1.586E-02	7.577E-02	1.913E-02
6.005E-01	1.120E-01	5.483E-03	3.700E-02	1.590E-02	7.504E-02	1.919E-02
6.015E-01	1.111E-01	5.489E-03	3.676E-02	1.594E-02	7.432E-02	1.924E-02
6.025E-01	1.101E-01	5.496E-03	3.652E-02	1.598E-02	7.360E-02	1.930E-02
6.035E-01	1.092E-01	5.502E-03	3.628E-02	1.602E-02	7.289E-02	1.936E-02
6.045E-01	1.082E-01	5.509E-03	3.604E-02	1.606E-02	7.219E-02	1.941E-02
6.055E-01	1.073E-01	5.515E-03	3.580E-02	1.609E-02	7.148E-02	1.946E-02
6.065E-01	1.063E-01	5.520E-03	3.556E-02	1.612E-02	7.079E-02	1.951E-02
6.075E-01	1.054E-01	5.525E-03	3.532E-02	1.616E-02	7.010E-02	1.956E-02
6.085E-01	1.045E-01	5.529E-03	3.508E-02	1.618E-02	6.941E-02	1.960E-02
6.095E-01	1.036E-01	5.531E-03	3.485E-02	1.621E-02	6.874E-02	1.964E-02
6.105E-01	1.027E-01	5.532E-03	3.461E-02	1.624E-02	6.806E-02	1.967E-02
6.115E-01	1.018E-01	5.531E-03	3.437E-02	1.626E-02	6.740E-02	1.970E-02
6.125E-01	1.009E-01	5.528E-03	3.414E-02	1.628E-02	6.674E-02	1.973E-02
6.135E-01	9.999E-02	5.522E-03	3.390E-02	1.629E-02	6.609E-02	1.975E-02
6.145E-01	9.911E-02	5.514E-03	3.367E-02	1.630E-02	6.544E-02	1.976E-02
6.155E-01	9.824E-02	5.503E-03	3.343E-02	1.631E-02	6.481E-02	1.977E-02
6.165E-01	9.738E-02	5.490E-03	3.320E-02	1.632E-02	6.418E-02	1.977E-02
6.175E-01	9.652E-02	5.475E-03	3.297E-02	1.633E-02	6.355E-02	1.977E-02
6.185E-01	9.567E-02	5.458E-03	3.273E-02	1.633E-02	6.293E-02	1.977E-02
6.195E-01	9.482E-02	5.440E-03	3.250E-02	1.633E-02	6.232E-02	1.976E-02
6.205E-01	9.398E-02	5.420E-03	3.227E-02	1.633E-02	6.171E-02	1.975E-02
6.215E-01	9.315E-02	5.399E-03	3.204E-02	1.632E-02	6.111E-02	1.974E-02
6.225E-01	9.232E-02	5.377E-03	3.181E-02	1.632E-02	6.051E-02	1.972E-02
6.235E-01	9.150E-02	5.354E-03	3.158E-02	1.631E-02	5.993E-02	1.970E-02
6.245E-01	9.069E-02	5.331E-03	3.135E-02	1.630E-02	5.934E-02	1.968E-02
6.255E-01	8.988E-02	5.307E-03	3.112E-02	1.629E-02	5.876E-02	1.965E-02
6.265E-01	8.908E-02	5.283E-03	3.089E-02	1.628E-02	5.819E-02	1.963E-02
6.275E-01	8.829E-02	5.259E-03	3.066E-02	1.627E-02	5.762E-02	1.960E-02
6.285E-01	8.749E-02	5.236E-03	3.044E-02	1.625E-02	5.706E-02	1.958E-02
6.295E-01	8.671E-02	5.212E-03	3.021E-02	1.624E-02	5.650E-02	1.955E-02
6.305E-01	8.593E-02	5.189E-03	2.998E-02	1.622E-02	5.595E-02	1.952E-02
6.315E-01	8.516E-02	5.166E-03	2.976E-02	1.621E-02	5.540E-02	1.949E-02
6.325E-01	8.439E-02	5.144E-03	2.953E-02	1.619E-02	5.485E-02	1.946E-02
6.335E-01	8.363E-02	5.122E-03	2.931E-02	1.617E-02	5.432E-02	1.943E-02
6.345E-01	8.287E-02	5.099E-03	2.909E-02	1.615E-02	5.378E-02	1.939E-02
6.355E-01	8.212E-02	5.076E-03	2.886E-02	1.613E-02	5.326E-02	1.936E-02
6.365E-01	8.138E-02	5.054E-03	2.864E-02	1.611E-02	5.273E-02	1.932E-02
6.375E-01	8.064E-02	5.032E-03	2.842E-02	1.608E-02	5.222E-02	1.929E-02
6.385E-01	7.990E-02	5.010E-03	2.820E-02	1.606E-02	5.171E-02	1.925E-02
6.395E-01	7.918E-02	4.990E-03	2.798E-02	1.603E-02	5.120E-02	1.921E-02
6.405E-01	7.846E-02	4.970E-03	2.776E-02	1.601E-02	5.070E-02	1.917E-02
6.415E-01	7.774E-02	4.951E-03	2.754E-02	1.598E-02	5.020E-02	1.914E-02
6.425E-01	7.703E-02	4.934E-03	2.732E-02	1.595E-02	4.971E-02	1.910E-02
6.435E-01	7.633E-02	4.917E-03	2.710E-02	1.592E-02	4.923E-02	1.906E-02
6.445E-01	7.562E-02	4.902E-03	2.688E-02	1.589E-02	4.874E-02	1.902E-02
6.455E-01	7.493E-02	4.887E-03	2.666E-02	1.586E-02	4.827E-02	1.898E-02
6.465E-01	7.424E-02	4.872E-03	2.644E-02	1.583E-02	4.779E-02	1.894E-02
6.475E-01	7.355E-02	4.858E-03	2.623E-02	1.580E-02	4.732E-02	1.889E-02
6.485E-01	7.287E-02	4.844E-03	2.601E-02	1.576E-02	4.686E-02	1.885E-02
6.495E-01	7.219E-02	4.830E-03	2.579E-02	1.572E-02	4.639E-02	1.880E-02
6.505E-01	7.151E-02	4.815E-03	2.558E-02	1.568E-02	4.594E-02	1.875E-02
6.515E-01	7.084E-02	4.799E-03	2.536E-02	1.564E-02	4.548E-02	1.870E-02
6.525E-01	7.018E-02	4.783E-03	2.514E-02	1.560E-02	4.503E-02	1.865E-02
6.535E-01	6.951E-02	4.765E-03	2.493E-02	1.555E-02	4.459E-02	1.859E-02
6.545E-01	6.886E-02	4.747E-03	2.471E-02	1.550E-02	4.414E-02	1.852E-02
6.555E-01	6.820E-02	4.728E-03	2.450E-02	1.545E-02	4.371E-02	1.846E-02
6.565E-01	6.756E-02	4.708E-03	2.428E-02	1.540E-02	4.328E-02	1.839E-02
6.575E-01	6.691E-02	4.687E-03	2.406E-02	1.534E-02	4.285E-02	1.831E-02
6.585E-01	6.627E-02	4.666E-03	2.385E-02	1.529E-02	4.242E-02	1.824E-02
6.595E-01	6.564E-02	4.644E-03	2.364E-02	1.523E-02	4.200E-02	1.816E-02
6.605E-01	6.501E-02	4.622E-03	2.342E-02	1.517E-02	4.159E-02	1.808E-02
6.615E-01	6.438E-02	4.600E-03	2.321E-02	1.511E-02	4.118E-02	1.800E-02
6.625E-01	6.376E-02	4.577E-03	2.299E-02	1.505E-02	4.077E-02	1.792E-02
6.635E-01	6.315E-02	4.555E-03	2.278E-02	1.498E-02	4.036E-02	1.784E-02
6.645E-01	6.253E-02	4.532E-03	2.257E-02	1.492E-02	3.996E-02	1.775E-02
6.655E-01	6.192E-02	4.510E-03	2.236E-02	1.485E-02	3.956E-02	1.767E-02
6.665E-01	6.132E-02	4.487E-03	2.215E-02	1.479E-02	3.917E-02	1.758E-02
6.675E-01	6.072E-02	4.465E-03	2.194E-02	1.472E-02	3.878E-02	1.750E-02
6.685E-01	6.012E-02	4.443E-03	2.173E-02	1.465E-02	3.839E-02	1.741E-02
6.695E-01	5.953E-02	4.422E-03	2.152E-02	1.459E-02	3.800E-02	1.732E-02
6.705E-01	5.894E-02	4.400E-03	2.132E-02	1.452E-02	3.762E-02	1.723E-02
6.715E-01	5.836E-02	4.378E-03	2.111E-02	1.445E-02	3.725E-02	1.714E-02
6.725E-01	5.778E-02	4.356E-03	2.090E-02	1.437E-02	3.687E-02	1.705E-02
6.735E-01	5.720E-02	4.333E-03	2.070E-02	1.430E-02	3.651E-02	1.695E-02
6.745E-01	5.663E-02	4.310E-03	2.049E-02	1.423E-02	3.614E-02	1.686E-02
6.755E-01	5.607E-02	4.288E-03	2.029E-02	1.415E-02	3.578E-02	1.676E-02
6.765E-01	5.550E-02	4.267E-03	2.008E-02	1.407E-02	3.542E-02	1.666E-02
6.775E-01	5.495E-02	4.246E-03	1.988E-02	1.400E-02	3.507E-02	1.656E-02
6.785E-01	5.439E-02	4.226E-03	1.967E-02	1.392E-02	3.472E-02	1.646E-02
6.795E-01	5.384E-02	4.207E-03	1.947E-02	1.384E-02	3.437E-02	1.637E-02
6.805E-01	5.329E-02	4.189E-03	1.927E-02	1.377E-02	3.402E-02	1.627E-02
6.815E-01	5.275E-02	4.172E-03	1.907E-02	1.369E-02	3.368E-02	1.618E-02
6.825E-01	5.221E-02	4.156E-03	1.887E-02	1.362E-02	3.334E-02	1.608E-02
6.835E-01	5.167E-02	4.141E-03	1.868E-02	1.354E-02	3.300E-02	1.599E-02
6.845E-01	5.114E-02	4.126E-03	1.848E-02	1.347E-02	3.266E-02	1.590E-02
6.855E-01	5.061E-02	4.113E-03	1.829E-02	1.340E-02	3.233E-02	1.582E-02
6.865E-01	5.009E-02	4.101E-03	1.809E-02	1.333E-02	3.199E-02	1.573E-02
6.875E-01	4.956E-02	4.089E-03	1.790E-02	1.326E-02	3.166E-02	1.565E-02
6.885E-01	4.904E-02	4.077E-03	1.771E-02	1.319E-02	3.133E-02	1.557E-02
6.895E-01	4.853E-02	4.066E-03	1.753E-02	1.312E-02	3.100E-02	1.549E-02
6.905E-01	4.801E-02	4.055E-03	1.734E-02	1.305E-02	3.067E-02	1.541E-02
6.915E-01	4.750E-02	4.044E-03	1.715E-02	1.298E-02	3.035E-02	1.533E-02
6.925E-01	4.700E-02	4.034E-03	1.697E-02	1.292E-02	3.003E-02	1.525E-02
6.935E-01	4.650E-02	4.023E-03	1.679E-02	1.285E-02	2.971E-02	1.517E-02
6.945E-01	4.600E-02	4.013E-03	1.661E-02	1.278E-02	2.939E-02	1.509E-02
6.955E-01	4.550E-02	4.004E-03	1.643E-02	1.271E-02	2.907E-02	1.502E-02
6.965E-01	4.501E-02	3.994E-03	1.625E-02	1.264E-02	2.876E-02	1.494E-02
6.975E-01	4.452E-02	3.985E-03	1.607E-02	1.258E-02	2.845E-02	1.486E-02
6.985E-01	4.403E-02	3.975E-03	1.589E-02	1.251E-02	2.814E-02	1.478E-02
6.995E-01	4.355E-02	3.966E-03	1.572E-02	1.244E-02	2.783E-02	1.471E-02
7.005E-01	4.307E-02	3.958E-03	1.554E-02	1.238E-02	2.753E-02	1.463E-02
7.015E-01	4.260E-02	3.949E-03	1.537E-02	1.231E-02	2.723E-02	1.456E-02
7.025E-01	4.213E-02	3.941E-03	1.520E-02	1.225E-02	2.692E-02	1.448E-02
7.035E-01	4.166E-02	3.933E-03	1.503E-02	1.218E-02	2.663E-02	1.441E-02
7.045E-01	4.119E-02	3.925E-03	1.486E-02	1.211E-02	2.633E-02	1.433E-02
7.055E-01	4.073E-02	3.917E-03	1.469E-02	1.205E-02	2.603E-02	1.426E-02
7.065E-01	4.027E-02	3.909E-03	1.453E-02	1.199E-02	2.574E-02	1.418E-02
7.075E-01	3.981E-02	3.901E-03	1.436E-02	1.192E-02	2.545E-02	1.411E-02
7.085E-01	3.936E-02	3.894E-03	1.420E-02	1.186E-02	2.516E-02	1.403E-02
7.095E-01	3.891E-02	3.887E-03	1.404E-02	1.179E-02	2.487E-02	1.396E-02
7.105E-01	3.846E-02	3.881E-03	1.388E-02	1.173E-02	2.459E-02	1.389E-02
7.115E-01	3.802E-02	3.874E-03	1.371E-02	1.166E-02	2.431E-02	1.381E-02
7.125E-01	3.758E-02	3.868E-03	1.356E-02	1.160E-02	2.403E-02	1.374E-02
7.135E-01	3.715E-02	3.862E-03	1.340E-02	1.153E-02	2.375E-02	1.366E-02
7.145E-01	3.671E-02	3.857E-03	1.324E-02	1.147E-02	2.347E-02	1.359E-02
7.155E-01	3.628E-02	3.852E-03	1.309E-02	1.141E-02	2.320E-02	1.352E-02
7.165E-01	3.585E-02	3.846E-03	1.293E-02	1.134E-02	2.292E-02	1.345E-02
7.175E-01	3.543E-02	3.841E-03	1.278E-02	1.128E-02	2.265E-02	1.337E-02
7.185E-01	3.501E-02	3.836E-03	1.263E-02	1.122E-02	2.238E-02	1.330E-02
7.195E-01	3.459E-02	3.831E-03	1.248E-02	1.116E-02	2.211E-02	1.323E-02
7.205E-01	3.417E-02	3.826E-03	1.233E-02	1.110E-02	2.185E-02	1.316E-02
7.215E-01	3.376E-02	3.820E-03	1.218E-02	1.104E-02	2.158E-02	1.309E-02
7.225E-01	3.335E-02	3.814E-03	1.204E-02	1.098E-02	2.132E-02	1.302E-02
7.235E-01	3.294E-02	3.808E-03	1.189E-02	1.092E-02	2.105E-02	1.295E-02
7.245E-01	3.254E-02	3.800E-03	1.175E-02	1.086E-02	2.079E-02	1.288E-02
7.255E-01	3.214E-02	3.792E-03	1.161E-02	1.081E-02	2.053E-02	1.281E-02
7.265E-01	3.174E-02	3.784E-03	1.147E-02	1.075E-02	2.027E-02	1.274E-02
7.275E-01	3.134E-02	3.775E-03	1.133E-02	1.069E-02	2.001E-02	1.268E-02
7.285E-01	3.094E-02	3.766E-03	1.119E-02	1.064E-02	1.975E-02	1.261E-02
7.295E-01	3.055E-02	3.756E-03	1.105E-02	1.058E-02	1.950E-02	1.254E-02
7.305E-01	3.016E-02	3.747E-03	1.092E-02	1.053E-02	1.924E-02	1.248E-02
7.315E-01	2.978E-02	3.736E-03	1.079E-02	1.047E-02	1.899E-02	1.241E-02
7.325E-01	2.939E-02	3.726E-03	1.065E-02	1.042E-02	1.874E-02	1.234E-02
7.335E-01	2.901E-02	3.715E-03	1.052E-02	1.037E-02	1.849E-02	1.228E-02
7.345E-01	2.863E-02	3.705E-03	1.039E-02	1.031E-02	1.824E-02	1.221E-02
7.355E-01	2.826E-02	3.694E-03	1.026E-02	1.026E-02	1.799E-02	1.215E-02
7.365E-01	2.788E-02	3.683E-03	1.014E-02	1.021E-02	1.775E-02	1.208E-02
7.375E-01	2.752E-02	3.672E-03	1.001E-02	1.016E-02	1.750E-02	1.202E-02
7.385E-01	2.715E-02	3.661E-03	9.886E-03	1.011E-02	1.726E-02	1.196E-02
7.395E-01	2.678E-02	3.650E-03	9.762E-03	1.006E-02	1.702E-02	1.190E-02
7.405E-01	2.642E-02	3.639E-03	9.639E-03	1.001E-02	1.678E-02	1.183E-02
7.415E-01	2.606E-02	3.628E-03	9.518E-03	9.958E-03	1.655E-02	1.177E-02
7.425E-01	2.571E-02	3.617E-03	9.397E-03	9.908E-03	1.631E-02	1.171E-02
7.435E-01	2.536E-02	3.606E-03	9.277E-03	9.859E-03	1.608E-02	1.165E-02
7.445E-01	2.500E-02	3.595E-03	9.159E-03	9.811E-03	1.585E-02	1.159E-02
7.455E-01	2.466E-02	3.584E-03	9.042E-03	9.763E-03	1.561E-02	1.153E-02
7.465E-01	2.431E-02	3.573E-03	8.927E-03	9.716E-03	1.538E-02	1.147E-02
7.475E-01	2.397E-02	3.562E-03	8.813E-03	9.670E-03	1.516E-02	1.141E-02
7.485E-01	2.363E-02	3.552E-03	8.700E-03	9.624E-03	1.493E-02	1.136E-02
7.495E-01	2.329E-02	3.541E-03	8.588E-03	9.579E-03	1.470E-02	1.130E-02
7.505E-01	2.296E-02	3.532E-03	8.478E-03	9.534E-03	1.448E-02	1.124E-02
7.515E-01	2.262E-02	3.522E-03	8.368E-03	9.490E-03	1.426E-02	1.119E-02
7.525E-01	2.230E-02	3.513E-03	8.259E-03	9.446E-03	1.404E-02	1.114E-02
7.535E-01	2.197E-02	3.504E-03	8.151E-03	9.402E-03	1.382E-02	1.108E-02
7.545E-01	2.165E-02	3.495E-03	8.044E-03	9.358E-03	1.360E-02	1.103E-02
7.555E-01	2.133E-02	3.486E-03	7.938E-03	9.314E-03	1.339E-02	1.097E-02
7.565E-01	2.101E-02	3.478E-03	7.832E-03	9.270E-03	1.318E-02	1.092E-02
7.575E-01	2.069E-02	3.469E-03	7.727E-03	9.225E-03	1.297E-02	1.087E-02
7.585E-01	2.038E-02	3.460E-03	7.623E-03	9.180E-03	1.276E-02	1.081E-02
7.595E-01	2.007E-02	3.451E-03	7.519E-03	9.135E-03	1.256E-02	1.076E-02
7.605E-01	1.977E-02	3.442E-03	7.415E-03	9.088E-03	1.235E-02	1.070E-02
7.615E-01	1.947E-02	3.432E-03	7.312E-03	9.041E-03	1.216E-02	1.064E-02
7.625E-01	1.917E-02	3.421E-03	7.209E-03	8.993E-03	1.196E-02	1.059E-02
7.635E-01	1.887E-02	3.410E-03	7.108E-03	8.945E-03	1.177E-02	1.053E-02
7.645E-01	1.858E-02	3.399E-03	7.006E-03	8.896E-03	1.157E-02	1.047E-02
7.655E-01	1.829E-02	3.387E-03	6.906E-03	8.847E-03	1.138E-02	1.041E-02
7.665E-01	1.800E-02	3.375E-03	6.806E-03	8.798E-03	1.120E-02	1.035E-02
7.675E-01	1.772E-02	3.362E-03	6.706E-03	8.748E-03	1.101E-02	1.029E-02
7.685E-01	1.744E-02	3.350E-03	6.608E-03	8.697E-03	1.083E-02	1.023E-02
7.695E-01	1.716E-02	3.337E-03	6.510E-03	8.647E-03	1.065E-02	1.017E-02
7.705E-01	1.688E-02	3.323E-03	6.413E-03	8.596E-03	1.047E-02	1.011E-02
7.715E-01	1.661E-02	3.310E-03	6.316E-03	8.545E-03	1.030E-02	1.005E-02
7.725E-01	1.634E-02	3.297E-03	6.220E-03	8.494E-03	1.012E-02	9.988E-03
7.735E-01	1.608E-02	3.283E-03	6.125E-03	8.442E-03	9.950E-03	9.926E-03
7.745E-01	1.581E-02	3.270E-03	6.031E-03	8.390E-03	9.780E-03	9.864E-03
7.755E-01	1.555E-02	3.257E-03	5.937E-03	8.339E-03	9.613E-03	9.802E-03
7.765E-01	1.529E-02	3.243E-03	5.844E-03	8.287E-03	9.447E-03	9.739E-03
7.775E-01	1.504E-02	3.230E-03	5.752E-03	8.235E-03	9.283E-03	9.676E-03
7.785E-01	1.478E-02	3.217E-03	5.660E-03	8.183E-03	9.122E-03	9.613E-03
7.795E-01	1.453E-02	3.204E-03	5.570E-03	8.132E-03	8.962E-03	9.550E-03
7.805E-01	1.428E-02	3.190E-03	5.480E-03	8.080E-03	8.804E-03	9.487E-03
7.815E-01	1.404E-02	3.177E-03	5.390E-03	8.027E-03	8.649E-03	9.422E-03
7.825E-01	1.380E-02	3.163E-03	5.301E-03	7.974E-03	8.496E-03	9.357E-03
7.835E-01	1.356E-02	3.150E-03	5.213E-03	7.920E-03	8.345E-03	9.291E-03
7.845E-01	1.332E-02	3.136E-03	5.125E-03	7.866E-03	8.197E-03	9.224E-03
7.855E-01	1.309E-02	3.123E-03	5.038E-03	7.812E-03	8.051E-03	9.157E-03
7.865E-01	1.286E-02	3.109E-03	4.951E-03	7.758E-03	7.906E-03	9.090E-03
7.875E-01	1.263E-02	3.097E-03	4.865E-03	7.704E-03	7.764E-03	9.023E-03
7.885E-01	1.240E-02	3.085E-03	4.781E-03	7.651E-03	7.624E-03	8.955E-03
7.895E-01	1.218E-02	3.073E-03	4.696E-03	7.597E-03	7.485E-03	8.889E-03
7.905E-01	1.196E-02	3.062E-03	4.613E-03	7.544E-03	7.348E-03	8.822E-03
7.915E-01	1.174E-02	3.051E-03	4.530E-03	7.492E-03	7.213E-03	8.756E-03
7.925E-01	1.153E-02	3.041E-03	4.449E-03	7.440E-03	7.079E-03	8.690E-03
7.935E-01	1.131E-02	3.031E-03	4.368E-03	7.388E-03	6.947E-03	8.625E-03
7.945E-01	1.110E-02	3.021E-03	4.288E-03	7.337E-03	6.816E-03	8.560E-03
7.955E-01	1.090E-02	3.012E-03	4.210E-03	7.286E-03	6.687E-03	8.496E-03
7.965E-01	1.069E-02	3.003E-03	4.132E-03	7.236E-03	6.559E-03	8.432E-03
7.975E-01	1.049E-02	2.994E-03	4.055E-03	7.187E-03	6.432E-03	8.369E-03
7.985E-01	1.029E-02	2.984E-03	3.979E-03	7.138E-03	6.306E-03	8.307E-03
7.995E-01	1.009E-02	2.975E-03	3.905E-03	7.089E-03	6.182E-03	8.244E-03
8.005E-01	9.891E-03	2.965E-03	3.831E-03	7.041E-03	6.060E-03	8.181E-03
8.015E-01	9.697E-03	2.955E-03	3.758E-03	6.992E-03	5.939E-03	8.118E-03
8.025E-01	9.505E-03	2.945E-03	3.685E-03	6.944E-03	5.820E-03	8.055E-03
8.035E-01	9.316E-03	2.935E-03	3.614E-03	6.896E-03	5.702E-03	7.993E-03
8.045E-01	9.130E-03	2.925E-03	3.544E-03	6.848E-03	5.586E-03	7.930E-03
8.055E-01	8.945E-03	2.914E-03	3.474E-03	6.800E-03	5.471E-03	7.867E-03
8.065E-01	8.764E-03	2.904E-03	3.406E-03	6.753E-03	5.358E-03	7.804E-03
8.075E-01	8.584E-03	2.893E-03	3.338E-03	6.706E-03	5.246E-03	7.742E-03
8.085E-01	8.407E-03	2.883E-03	3.271E-03	6.659E-03	5.136E-03	7.680E-03
8.095E-01	8.232E-03	2.873E-03	3.205E-03	6.612E-03	5.027E-03	7.618E-03
8.105E-01	8.060E-03	2.862E-03	3.140E-03	6.566E-03	4.920E-03	7.556E-03
8.115E-01	7.890E-03	2.852E-03	3.075E-03	6.520E-03	4.814E-03	7.495E-03
8.125E-01	7.722E-03	2.842E-03	3.012E-03	6.474E-03	4.710E-03	7.434E-03
8.135E-01	7.556E-03	2.832E-03	2.949E-03	6.429E-03	4.607E-03	7.373E-03
8.145E-01	7.393E-03	2.823E-03	2.887E-03	6.384E-03	4.506E-03	7.313E-03
8.155E-01	7.232E-03	2.813E-03	2.826E-03	6.339E-03	4.406E-03	7.254E-03
8.165E-01	7.073E-03	2.804E-03	2.766E-03	6.294E-03	4.307E-03	7.195E-03
8.175E-01	6.916E-03	2.795E-03	2.707E-03	6.250E-03	4.210E-03	7.136E-03
8.185E-01	6.762E-03	2.785E-03	2.648E-03	6.206E-03	4.113E-03	7.078E-03
8.195E-01	6.610E-03	2.776E-03	2.591E-03	6.163E-03	4.019E-03	7.020E-03
8.205E-01	6.460E-03	2.768E-03	2.534E-03	6.120E-03	3.925E-03	6.963E-03
8.215E-01	6.312E-03	2.760E-03	2.478E-03	6.077E-03	3.833E-03	6.907E-03
8.225E-01	6.166E-03	2.753E-03	2.423E-03	6.035E-03	3.743E-03	6.852E-03
8.235E-01	6.023E-03	2.746E-03	2.369E-03	5.994E-03	3.654E-03	6.798E-03
8.245E-01	5.882E-03	2.740E-03	2.315E-03	5.953E-03	3.566E-03	6.745E-03
8.255E-01	5.743E-03	2.734E-03	2.263E-03	5.913E-03	3.480E-03	6.693E-03
8.265E-01	5.606E-03	2.730E-03	2.211E-03	5.872E-03	3.395E-03	6.642E-03
8.275E-01	5.472E-03	2.726E-03	2.160E-03	5.833E-03	3.312E-03	6.592E-03
8.285E-01	5.341E-03	2.722E-03	2.110E-03	5.793E-03	3.230E-03	6.543E-03
8.295E-01	5.211E-03	2.719E-03	2.061E-03	5.754E-03	3.150E-03	6.495E-03
8.305E-01	5.084E-03	2.717E-03	2.013E-03	5.714E-03	3.072E-03	6.448E-03
8.315E-01	4.960E-03	2.714E-03	1.965E-03	5.675E-03	2.995E-03	6.401E-03
8.325E-01	4.838E-03	2.712E-03	1.918E-03	5.635E-03	2.919E-03	6.354E-03
8.335E-01	4.718E-03	2.709E-03	1.873E-03	5.595E-03	2.846E-03	6.308E-03
8.345E-01	4.601E-03	2.706E-03	1.828E-03	5.554E-03	2.774E-03	6.261E-03
8.355E-01	4.487E-03	2.702E-03	1.784E-03	5.513E-03	2.703E-03	6.214E-03
8.365E-01	4.375E-03	2.698E-03	1.740E-03	5.471E-03	2.634E-03	6.167E-03
8.375E-01	4.265E-03	2.693E-03	1.698E-03	5.429E-03	2.567E-03	6.119E-03
8.385E-01	4.159E-03	2.689E-03	1.657E-03	5.386E-03	2.502E-03	6.072E-03
8.395E-01	4.054E-03	2.683E-03	1.616E-03	5.343E-03	2.438E-03	6.024E-03
8.405E-01	3.952E-03	2.678E-03	1.576E-03	5.300E-03	2.376E-03	5.976E-03
8.415E-01	3.853E-03	2.672E-03	1.537E-03	5.256E-03	2.315E-03	5.927E-03
8.425E-01	3.755E-03	2.666E-03	1.499E-03	5.212E-03	2.256E-03	5.879E-03
8.435E-01	3.660E-03	2.660E-03	1.462E-03	5.167E-03	2.198E-03	5.830E-03
8.445E-01	3.567E-03	2.653E-03	1.425E-03	5.122E-03	2.142E-03	5.781E-03
8.455E-01	3.477E-03	2.646E-03	1.389E-03	5.077E-03	2.087E-03	5.731E-03
8.465E-01	3.388E-03	2.638E-03	1.354E-03	5.031E-03	2.034E-03	5.681E-03
8.475E-01	3.301E-03	2.630E-03	1.320E-03	4.984E-03	1.981E-03	5.630E-03
8.485E-01	3.217E-03	2.622E-03	1.287E-03	4.938E-03	1.930E-03	5.580E-03
8.495E-01	3.134E-03	2.613E-03	1.254E-03	4.891E-03	1.881E-03	5.529E-03
8.505E-01	3.054E-03	2.604E-03	1.222E-03	4.844E-03	1.832E-03	5.477E-03
8.515E-01	2.975E-03	2.595E-03	1.190E-03	4.796E-03	1.785E-03	5.425E-03
8.525E-01	2.898E-03	2.585E-03	1.159E-03	4.749E-03	1.739E-03	5.372E-03
8.535E-01	2.823E-03	2.575E-03	1.129E-03	4.700E-03	1.694E-03	5.320E-03
8.545E-01	2.751E-03	2.564E-03	1.100E-03	4.651E-03	1.650E-03	5.265E-03
8.555E-01	2.681E-03	2.553E-03	1.072E-03	4.601E-03	1.609E-03	5.210E-03
8.565E-01	2.614E-03	2.540E-03	1.044E-03	4.550E-03	1.569E-03	5.153E-03
8.575E-01	2.549E-03	2.528E-03	1.018E-03	4.498E-03	1.531E-03	5.095E-03
8.585E-01	2.487E-03	2.514E-03	9.920E-04	4.445E-03	1.495E-03	5.036E-03
8.595E-01	2.426E-03	2.501E-03	9.668E-04	4.392E-03	1.460E-03	4.977E-03
8.605E-01	2.368E-03	2.487E-03	9.424E-04	4.339E-03	1.425E-03	4.917E-03
8.615E-01	2.311E-03	2.474E-03	9.187E-04	4.285E-03	1.393E-03	4.857E-03
8.625E-01	2.256E-03	2.461E-03	8.956E-04	4.232E-03	1.361E-03	4.797E-03
8.635E-01	2.203E-03	2.447E-03	8.731E-04	4.179E-03	1.330E-03	4.736E-03
8.645E-01	2.151E-03	2.435E-03	8.512E-04	4.126E-03	1.299E-03	4.676E-03
8.655E-01	2.100E-03	2.422E-03	8.299E-04	4.074E-03	1.270E-03	4.616E-03
8.665E-01	2.050E-03	2.410E-03	8.090E-04	4.022E-03	1.241E-03	4.557E-03
8.675E-01	2.001E-03	2.398E-03	7.886E-04	3.971E-03	1.212E-03	4.498E-03
8.685E-01	1.952E-03	2.386E-03	7.686E-04	3.920E-03	1.184E-03	4.440E-03
8.695E-01	1.905E-03	2.375E-03	7.490E-04	3.870E-03	1.156E-03	4.382E-03
8.705E-01	1.857E-03	2.364E-03	7.298E-04	3.822E-03	1.127E-03	4.326E-03
8.715E-01	1.810E-03	2.354E-03	7.109E-04	3.774E-03	1.099E-03	4.270E-03
8.725E-01	1.764E-03	2.343E-03	6.926E-04	3.726E-03	1.072E-03	4.214E-03
8.735E-01	1.719E-03	2.333E-03	6.748E-04	3.679E-03	1.045E-03	4.159E-03
8.745E-01	1.676E-03	2.323E-03	6.575E-04	3.633E-03	1.018E-03	4.104E-03
8.755E-01	1.633E-03	2.312E-03	6.409E-04	3.586E-03	9.923E-04	4.048E-03
8.765E-01	1.592E-03	2.302E-03	6.247E-04	3.540E-03	9.672E-04	3.993E-03
8.775E-01	1.552E-03	2.291E-03	6.091E-04	3.494E-03	9.426E-04	3.938E-03
8.785E-01	1.513E-03	2.281E-03	5.940E-04	3.448E-03	9.185E-04	3.883E-03
8.795E-01	1.474E-03	2.270E-03	5.794E-04	3.402E-03	8.950E-04	3.828E-03
8.805E-01	1.437E-03	2.260E-03	5.652E-04	3.358E-03	8.720E-04	3.773E-03
8.815E-01	1.401E-03	2.249E-03	5.515E-04	3.313E-03	8.494E-04	3.719E-03
8.825E-01	1.365E-03	2.238E-03	5.382E-04	3.269E-03	8.273E-04	3.664E-03
8.835E-01	1.331E-03	2.228E-03	5.253E-04	3.225E-03	8.056E-04	3.610E-03
8.845E-01	1.297E-03	2.217E-03	5.128E-04	3.182E-03	7.843E-04	3.556E-03
8.855E-01	1.264E-03	2.206E-03	5.007E-04	3.139E-03	7.633E-04	3.503E-03
8.865E-01	1.232E-03	2.196E-03	4.889E-04	3.097E-03	7.427E-04	3.450E-03
8.875E-01	1.200E-03	2.185E-03	4.775E-04	3.055E-03	7.224E-04	3.397E-03
8.885E-01	1.169E-03	2.174E-03	4.664E-04	3.014E-03	7.024E-04	3.344E-03
8.895E-01	1.138E-03	2.163E-03	4.556E-04	2.973E-03	6.826E-04	3.292E-03
8.905E-01	1.108E-03	2.152E-03	4.451E-04	2.933E-03	6.631E-04	3.240E-03
8.915E-01	1.079E-03	2.141E-03	4.353E-04	2.893E-03	6.441E-04	3.188E-03
8.925E-01	1.051E-03	2.129E-03	4.260E-04	2.853E-03	6.254E-04	3.136E-03
8.935E-01	1.024E-03	2.118E-03	4.173E-04	2.813E-03	6.072E-04	3.083E-03
8.945E-01	9.984E-04	2.106E-03	4.090E-04	2.774E-03	5.894E-04	3.031E-03
8.955E-01	9.731E-04	2.094E-03	4.012E-04	2.735E-03	5.719E-04	2.979E-03
8.965E-01	9.486E-04	2.082E-03	3.937E-04	2.696E-03	5.549E-04	2.927E-03
8.975E-01	9.249E-04	2.071E-03	3.866E-04	2.658E-03	5.382E-04	2.875E-03
8.985E-01	9.018E-04	2.059E-03	3.799E-04	2.621E-03	5.219E-04	2.823E-03
8.995E-01	8.793E-04	2.046E-03	3.734E-04	2.584E-03	5.059E-04	2.772E-03
9.005E-01	8.574E-04	2.034E-03	3.671E-04	2.547E-03	4.903E-04	2.722E-03
9.015E-01	8.361E-04	2.022E-03	3.610E-04	2.512E-03	4.750E-04	2.672E-03
9.025E-01	8.152E-04	2.010E-03	3.551E-04	2.476E-03	4.600E-04	2.622E-03
9.035E-01	7.947E-04	1.997E-03	3.494E-04	2.442E-03	4.454E-04	2.574E-03
9.045E-01	7.747E-04	1.985E-03	3.437E-04	2.408E-03	4.310E-04	2.525E-03
9.055E-01	7.550E-04	1.972E-03	3.380E-04	2.374E-03	4.169E-04	2.478E-03
9.065E-01	7.355E-04	1.959E-03	3.324E-04	2.342E-03	4.031E-04	2.431E-03
9.075E-01	7.163E-04	1.946E-03	3.267E-04	2.309E-03	3.896E-04	2.385E-03
9.085E-01	6.973E-04	1.932E-03	3.210E-04	2.277E-03	3.764E-04	2.340E-03
9.095E-01	6.788E-04	1.918E-03	3.154E-04	2.246E-03	3.635E-04	2.295E-03
9.105E-01	6.609E-04	1.904E-03	3.100E-04	2.215E-03	3.509E-04	2.251E-03
9.115E-01	6.435E-04	1.889E-03	3.048E-04	2.184E-03	3.387E-04	2.207E-03
9.125E-01	6.266E-04	1.874E-03	2.997E-04	2.153E-03	3.269E-04	2.163E-03
9.135E-01	6.102E-04	1.858E-03	2.949E-04	2.123E-03	3.153E-04	2.119E-03
9.145E-01	5.942E-04	1.842E-03	2.901E-04	2.093E-03	3.041E-04	2.076E-03
9.155E-01	5.787E-04	1.826E-03	2.855E-04	2.063E-03	2.932E-04	2.034E-03
9.165E-01	5.636E-04	1.810E-03	2.811E-04	2.034E-03	2.826E-04	1.992E-03
9.175E-01	5.489E-04	1.793E-03	2.767E-04	2.005E-03	2.723E-04	1.950E-03
9.185E-01	5.346E-04	1.776E-03	2.724E-04	1.976E-03	2.622E-04	1.908E-03
9.195E-01	5.207E-04	1.758E-03	2.682E-04	1.947E-03	2.524E-04	1.867E-03
9.205E-01	5.070E-04	1.741E-03	2.641E-04	1.918E-03	2.429E-04	1.827E-03
9.215E-01	4.937E-04	1.722E-03	2.601E-04	1.890E-03	2.336E-04	1.787E-03
9.225E-01	4.806E-04	1.704E-03	2.561E-04	1.862E-03	2.245E-04	1.747E-03
9.235E-01	4.678E-04	1.685E-03	2.521E-04	1.834E-03	2.157E-04	1.707E-03
9.245E-01	4.553E-04	1.667E-03	2.482E-04	1.806E-03	2.071E-04	1.668E-03
9.255E-01	4.430E-04	1.647E-03	2.443E-04	1.778E-03	1.987E-04	1.630E-03
9.265E-01	4.308E-04	1.628E-03	2.404E-04	1.751E-03	1.904E-04	1.592E-03
9.275E-01	4.190E-04	1.608E-03	2.365E-04	1.724E-03	1.825E-04	1.554E-03
9.285E-01	4.076E-04	1.587E-03	2.328E-04	1.696E-03	1.748E-04	1.516E-03
9.295E-01	3.966E-04	1.565E-03	2.292E-04	1.668E-03	1.675E-04	1.478E-03
9.305E-01	3.860E-04	1.543E-03	2.257E-04	1.640E-03	1.604E-04	1.440E-03
9.315E-01	3.758E-04	1.520E-03	2.222E-04	1.612E-03	1.536E-04	1.402E-03
9.325E-01	3.659E-04	1.497E-03	2.189E-04	1.584E-03	1.470E-04	1.365E-03
9.335E-01	3.563E-04	1.474E-03	2.156E-04	1.556E-03	1.407E-04	1.328E-03
9.345E-01	3.470E-04	1.450E-03	2.123E-04	1.528E-03	1.347E-04	1.290E-03
9.355E-01	3.379E-04	1.426E-03	2.091E-04	1.500E-03	1.288E-04	1.254E-03
9.365E-01	3.291E-04	1.402E-03	2.059E-04	1.472E-03	1.231E-04	1.217E-03
9.375E-01	3.204E-04	1.378E-03	2.028E-04	1.445E-03	1.177E-04	1.182E-03
9.385E-01	3.120E-04	1.354E-03	1.996E-04	1.418E-03	1.124E-04	1.146E-03
9.395E-01	3.037E-04	1.330E-03	1.965E-04	1.391E-03	1.072E-04	1.111E-03
9.405E-01	2.955E-04	1.306E-03	1.933E-04	1.364E-03	1.022E-04	1.077E-03
9.415E-01	2.875E-04	1.283E-03	1.901E-04	1.337E-03	9.738E-05	1.044E-03
9.425E-01	2.795E-04	1.260E-03	1.868E-04	1.311E-03	9.264E-05	1.011E-03
9.435E-01	2.716E-04	1.237E-03	1.836E-04	1.285E-03	8.801E-05	9.790E-04
9.445E-01	2.637E-04	1.214E-03	1.802E-04	1.260E-03	8.347E-05	9.479E-04
9.455E-01	2.558E-04	1.191E-03	1.768E-04	1.235E-03	7.904E-05	9.176E-04
9.465E-01	2.482E-04	1.169E-03	1.734E-04	1.209E-03	7.479E-05	8.878E-04
9.475E-01	2.407E-04	1.146E-03	1.700E-04	1.184E-03	7.073E-05	8.585E-04
9.485E-01	2.334E-04	1.123E-03	1.665E-04	1.159E-03	6.685E-05	8.297E-04
9.495E-01	2.263E-04	1.099E-03	1.631E-04	1.133E-03	6.314E-05	8.013E-04
9.505E-01	2.193E-04	1.076E-03	1.597E-04	1.108E-03	5.959E-05	7.734E-04
9.515E-01	2.125E-04	1.052E-03	1.563E-04	1.083E-03	5.621E-05	7.461E-04
9.525E-01	2.058E-04	1.029E-03	1.528E-04	1.057E-03	5.297E-05	7.193E-04
9.535E-01	1.992E-04	1.005E-03	1.494E-04	1.032E-03	4.988E-05	6.930E-04
9.545E-01	1.928E-04	9.810E-04	1.459E-04	1.006E-03	4.692E-05	6.672E-04
9.555E-01	1.865E-04	9.571E-04	1.424E-04	9.811E-04	4.409E-05	6.420E-04
9.565E-01	1.803E-04	9.332E-04	1.389E-04	9.558E-04	4.139E-05	6.174E-04
9.575E-01	1.742E-04	9.092E-04	1.354E-04	9.306E-04	3.880E-05	5.933E-04
9.585E-01	1.682E-04	8.852E-04	1.319E-04	9.054E-04	3.631E-05	5.699E-04
9.595E-01	1.622E-04	8.613E-04	1.283E-04	8.803E-04	3.393E-05	5.470E-04
9.605E-01	1.564E-04	8.374E-04	1.248E-04	8.552E-04	3.164E-05	5.247E-04
9.615E-01	1.506E-04	8.136E-04	1.212E-04	8.303E-04	2.943E-05	5.030E-04
9.625E-01	1.449E-04	7.898E-04	1.175E-04	8.055E-04	2.731E-05	4.819E-04
9.635E-01	1.392E-04	7.660E-04	1.139E-04	7.808E-04	2.526E-05	4.614E-04
9.645E-01	1.335E-04	7.418E-04	1.102E-04	7.556E-04	2.336E-05	4.415E-04
9.655E-01	1.280E-04	7.170E-04	1.064E-04	7.299E-04	2.163E-05	4.222E-04
9.665E-01	1.225E-04	6.915E-04	1.025E-04	7.037E-04	2.005E-05	4.035E-04
9.675E-01	1.171E-04	6.656E-04	9.852E-05	6.770E-04	1.861E-05	3.852E-04
9.685E-01	1.118E-04	6.393E-04	9.453E-05	6.500E-04	1.730E-05	3.675E-04
9.695E-01	1.066E-04	6.127E-04	9.050E-05	6.228E-04	1.611E-05	3.502E-04
9.705E-01	1.015E-04	5.860E-04	8.646E-05	5.955E-04	1.503E-05	3.333E-04
9.715E-01	9.646E-05	5.592E-04	8.242E-05	5.681E-04	1.404E-05	3.169E-04
9.725E-01	9.153E-05	5.324E-04	7.840E-05	5.408E-04	1.313E-05	3.009E-04
9.735E-01	8.670E-05	5.057E-04	7.441E-05	5.136E-04	1.230E-05	2.853E-04
9.745E-01	8.198E-05	4.793E-04	7.046E-05	4.868E-04	1.152E-05	2.701E-04
9.755E-01	7.737E-05	4.533E-04	6.657E-05	4.603E-04	1.079E-05	2.553E-04
9.765E-01	7.286E-05	4.278E-04	6.276E-05	4.343E-04	1.010E-05	2.408E-04
9.775E-01	6.848E-05	4.028E-04	5.904E-05	4.089E-04	9.435E-06	2.267E-04
9.785E-01	6.421E-05	3.785E-04	5.543E-05	3.842E-04	8.782E-06	2.129E-04
9.795E-01	6.006E-05	3.550E-04	5.193E-05	3.603E-04	8.132E-06	1.995E-04
9.805E-01	5.603E-05	3.324E-04	4.856E-05	3.373E-04	7.472E-06	1.863E-04
9.815E-01	5.214E-05	3.107E-04	4.534E-05	3.153E-04	6.793E-06	1.735E-04
9.825E-01	4.840E-05	2.901E-04	4.228E-05	2.943E-04	6.122E-06	1.612E-04
9.835E-01	4.487E-05	2.703E-04	3.935E-05	2.741E-04	5.519E-06	1.494E-04
9.845E-01	4.152E-05	2.513E-04	3.654E-05	2.548E-04	4.977E-06	1.383E-04
9.855E-01	3.834E-05	2.330E-04	3.385E-05	2.362E-04	4.491E-06	1.278E-04
9.865E-01	3.530E-05	2.153E-04	3.125E-05	2.182E-04	4.053E-06	1.177E-04
9.875E-01	3.240E-05	1.982E-04	2.874E-05	2.008E-04	3.660E-06	1.081E-04
9.885E-01	2.961E-05	1.815E-04	2.630E-05	1.839E-04	3.304E-06	9.876E-05
9.895E-01	2.691E-05	1.652E-04	2.393E-05	1.673E-04	2.979E-06	8.979E-05
9.905E-01	2.430E-05	1.492E-04	2.162E-05	1.511E-04	2.680E-06	8.106E-05
9.915E-01	2.174E-05	1.335E-04	1.934E-05	1.352E-04	2.400E-06	7.252E-05
9.925E-01	1.922E-05	1.179E-04	1.709E-05	1.195E-04	2.134E-06	6.413E-05
9.935E-01	1.673E-05	1.025E-04	1.486E-05	1.038E-04	1.877E-06	5.582E-05
9.945E-01	1.425E-05	8.708E-05	1.263E-05	8.824E-05	1.621E-06	4.753E-05
9.955E-01	1.176E-05	7.165E-05	1.040E-05	7.262E-05	1.362E-06	3.922E-05
9.965E-01	9.249E-06	5.613E-05	8.155E-06	5.689E-05	1.094E-06	3.082E-05
9.975E-01	6.691E-06	4.043E-05	5.880E-06	4.099E-05	8.103E-07	2.229E-05
9.985E-01	4.074E-06	2.450E-05	3.567E-06	2.484E-05	5.065E-07	1.357E-05
9.995E-01	1.380E-06	8.256E-06	1.204E-06	8.375E-06	1.765E-07	4.595E-06
