NNPDF30_nlo_as_0118	 10.0
x	 x*uv	 dx*uv	 x*dv	 dx*dv	 x*(uv-dv)	 dx*(uv-dv)
5.000E-04	5.006E-02	5.382E-03	3.305E-02	6.145E-03	1.701E-02	6.116E-03
1.500E-03	8.117E-02	6.762E-03	4.819E-02	6.985E-03	3.298E-02	7.644E-03
2.500E-03	1.024E-01	8.018E-03	5.750E-02	7.895E-03	4.489E-02	1.005E-02
3.500E-03	1.196E-01	8.344E-03	6.496E-02	8.047E-03	5.466E-02	1.011E-02
4.500E-03	1.345E-01	8.380E-03	7.149E-02	7.975E-03	6.301E-02	9.519E-03
5.500E-03	1.478E-01	8.409E-03	7.743E-02	7.982E-03	7.037E-02	8.851E-03
6.500E-03	1.599E-01	8.601E-03	8.299E-02	8.222E-03	7.689E-02	8.373E-03
7.500E-03	1.709E-01	8.930E-03	8.817E-02	8.649E-03	8.277E-02	8.101E-03
8.500E-03	1.812E-01	9.271E-03	9.313E-02	9.114E-03	8.809E-02	7.915E-03
9.500E-03	1.908E-01	9.500E-03	9.794E-02	9.478E-03	9.290E-02	7.633E-03
1.050E-02	1.999E-01	9.662E-03	1.026E-01	9.781E-03	9.730E-02	7.295E-03
1.150E-02	2.084E-01	9.794E-03	1.070E-01	1.006E-02	1.014E-01	7.028E-03
1.250E-02	2.166E-01	9.909E-03	1.114E-01	1.031E-02	1.052E-01	6.886E-03
1.350E-02	2.244E-01	1.001E-02	1.155E-01	1.054E-02	1.089E-01	6.862E-03
1.450E-02	2.319E-01	1.011E-02	1.196E-01	1.076E-02	1.124E-01	6.933E-03
1.550E-02	2.391E-01	1.021E-02	1.235E-01	1.098E-02	1.156E-01	7.102E-03
1.650E-02	2.461E-01	1.029E-02	1.273E-01	1.118E-02	1.188E-01	7.341E-03
1.750E-02	2.528E-01	1.036E-02	1.310E-01	1.136E-02	1.218E-01	7.612E-03
1.850E-02	2.594E-01	1.039E-02	1.347E-01	1.150E-02	1.248E-01	7.880E-03
1.950E-02	2.659E-01	1.039E-02	1.382E-01	1.162E-02	1.276E-01	8.126E-03
2.050E-02	2.722E-01	1.037E-02	1.418E-01	1.172E-02	1.304E-01	8.363E-03
2.150E-02	2.783E-01	1.035E-02	1.452E-01	1.183E-02	1.331E-01	8.588E-03
2.250E-02	2.843E-01	1.034E-02	1.486E-01	1.193E-02	1.357E-01	8.803E-03
2.350E-02	2.901E-01	1.034E-02	1.519E-01	1.204E-02	1.382E-01	9.004E-03
2.450E-02	2.958E-01	1.035E-02	1.551E-01	1.215E-02	1.407E-01	9.191E-03
2.550E-02	3.013E-01	1.038E-02	1.582E-01	1.227E-02	1.431E-01	9.362E-03
2.650E-02	3.067E-01	1.041E-02	1.612E-01	1.237E-02	1.455E-01	9.515E-03
2.750E-02	3.120E-01	1.045E-02	1.641E-01	1.247E-02	1.479E-01	9.650E-03
2.850E-02	3.171E-01	1.050E-02	1.670E-01	1.257E-02	1.502E-01	9.778E-03
2.950E-02	3.221E-01	1.055E-02	1.698E-01	1.268E-02	1.524E-01	9.901E-03
3.050E-02	3.271E-01	1.062E-02	1.725E-01	1.279E-02	1.546E-01	1.002E-02
3.150E-02	3.319E-01	1.069E-02	1.751E-01	1.290E-02	1.567E-01	1.012E-02
3.250E-02	3.366E-01	1.077E-02	1.777E-01	1.300E-02	1.589E-01	1.022E-02
3.350E-02	3.412E-01	1.084E-02	1.803E-01	1.310E-02	1.609E-01	1.030E-02
3.450E-02	3.458E-01	1.092E-02	1.827E-01	1.319E-02	1.630E-01	1.037E-02
3.550E-02	3.502E-01	1.098E-02	1.851E-01	1.326E-02	1.650E-01	1.043E-02
3.650E-02	3.545E-01	1.104E-02	1.875E-01	1.332E-02	1.670E-01	1.047E-02
3.750E-02	3.588E-01	1.108E-02	1.897E-01	1.336E-02	1.690E-01	1.049E-02
3.850E-02	3.629E-01	1.111E-02	1.919E-01	1.337E-02	1.710E-01	1.050E-02
3.950E-02	3.670E-01	1.112E-02	1.940E-01	1.336E-02	1.730E-01	1.049E-02
4.050E-02	3.710E-01	1.111E-02	1.961E-01	1.333E-02	1.749E-01	1.047E-02
4.150E-02	3.750E-01	1.109E-02	1.982E-01	1.329E-02	1.768E-01	1.043E-02
4.250E-02	3.789E-01	1.105E-02	2.002E-01	1.323E-02	1.787E-01	1.038E-02
4.350E-02	3.828E-01	1.101E-02	2.021E-01	1.316E-02	1.806E-01	1.032E-02
4.450E-02	3.866E-01	1.096E-02	2.041E-01	1.308E-02	1.825E-01	1.026E-02
4.550E-02	3.903E-01	1.090E-02	2.060E-01	1.299E-02	1.843E-01	1.020E-02
4.650E-02	3.940E-01	1.084E-02	2.078E-01	1.291E-02	1.862E-01	1.015E-02
4.750E-02	3.976E-01	1.078E-02	2.096E-01	1.282E-02	1.880E-01	1.009E-02
4.850E-02	4.011E-01	1.071E-02	2.114E-01	1.273E-02	1.897E-01	1.004E-02
4.950E-02	4.046E-01	1.065E-02	2.131E-01	1.264E-02	1.915E-01	9.985E-03
5.050E-02	4.080E-01	1.058E-02	2.147E-01	1.255E-02	1.932E-01	9.940E-03
5.150E-02	4.113E-01	1.052E-02	2.163E-01	1.246E-02	1.950E-01	9.900E-03
5.250E-02	4.146E-01	1.046E-02	2.179E-01	1.238E-02	1.967E-01	9.864E-03
5.350E-02	4.178E-01	1.040E-02	2.194E-01	1.230E-02	1.983E-01	9.833E-03
5.450E-02	4.209E-01	1.034E-02	2.209E-01	1.222E-02	2.000E-01	9.806E-03
5.550E-02	4.240E-01	1.029E-02	2.223E-01	1.214E-02	2.016E-01	9.783E-03
5.650E-02	4.270E-01	1.023E-02	2.237E-01	1.207E-02	2.032E-01	9.763E-03
5.750E-02	4.299E-01	1.018E-02	2.251E-01	1.200E-02	2.048E-01	9.747E-03
5.850E-02	4.328E-01	1.013E-02	2.264E-01	1.193E-02	2.064E-01	9.732E-03
5.950E-02	4.356E-01	1.007E-02	2.277E-01	1.186E-02	2.080E-01	9.720E-03
6.050E-02	4.384E-01	1.002E-02	2.289E-01	1.179E-02	2.095E-01	9.711E-03
6.150E-02	4.412E-01	9.966E-03	2.302E-01	1.172E-02	2.110E-01	9.705E-03
6.250E-02	4.439E-01	9.913E-03	2.314E-01	1.166E-02	2.126E-01	9.702E-03
6.350E-02	4.466E-01	9.860E-03	2.325E-01	1.159E-02	2.141E-01	9.702E-03
6.450E-02	4.493E-01	9.809E-03	2.337E-01	1.153E-02	2.155E-01	9.706E-03
6.550E-02	4.519E-01	9.759E-03	2.348E-01	1.148E-02	2.170E-01	9.712E-03
6.650E-02	4.544E-01	9.710E-03	2.359E-01	1.142E-02	2.185E-01	9.723E-03
6.750E-02	4.569E-01	9.664E-03	2.370E-01	1.137E-02	2.199E-01	9.736E-03
6.850E-02	4.594E-01	9.618E-03	2.381E-01	1.132E-02	2.213E-01	9.752E-03
6.950E-02	4.618E-01	9.575E-03	2.391E-01	1.127E-02	2.228E-01	9.770E-03
7.050E-02	4.642E-01	9.533E-03	2.401E-01	1.123E-02	2.242E-01	9.791E-03
7.150E-02	4.666E-01	9.493E-03	2.411E-01	1.119E-02	2.255E-01	9.813E-03
7.250E-02	4.689E-01	9.455E-03	2.420E-01	1.115E-02	2.269E-01	9.837E-03
7.350E-02	4.712E-01	9.418E-03	2.429E-01	1.111E-02	2.283E-01	9.863E-03
7.450E-02	4.734E-01	9.382E-03	2.438E-01	1.108E-02	2.296E-01	9.889E-03
7.550E-02	4.757E-01	9.348E-03	2.447E-01	1.104E-02	2.309E-01	9.916E-03
7.650E-02	4.778E-01	9.315E-03	2.456E-01	1.101E-02	2.322E-01	9.944E-03
7.750E-02	4.799E-01	9.283E-03	2.464E-01	1.098E-02	2.335E-01	9.972E-03
7.850E-02	4.820E-01	9.252E-03	2.472E-01	1.095E-02	2.348E-01	9.999E-03
7.950E-02	4.841E-01	9.221E-03	2.480E-01	1.093E-02	2.361E-01	1.003E-02
8.050E-02	4.861E-01	9.191E-03	2.488E-01	1.090E-02	2.374E-01	1.005E-02
8.150E-02	4.881E-01	9.162E-03	2.495E-01	1.087E-02	2.386E-01	1.008E-02
8.250E-02	4.900E-01	9.133E-03	2.502E-01	1.084E-02	2.398E-01	1.011E-02
8.350E-02	4.920E-01	9.103E-03	2.509E-01	1.082E-02	2.411E-01	1.013E-02
8.450E-02	4.938E-01	9.073E-03	2.516E-01	1.079E-02	2.423E-01	1.015E-02
8.550E-02	4.957E-01	9.040E-03	2.522E-01	1.076E-02	2.435E-01	1.017E-02
8.650E-02	4.975E-01	9.006E-03	2.528E-01	1.073E-02	2.447E-01	1.019E-02
8.750E-02	4.993E-01	8.971E-03	2.534E-01	1.069E-02	2.459E-01	1.021E-02
8.850E-02	5.011E-01	8.935E-03	2.540E-01	1.066E-02	2.471E-01	1.022E-02
8.950E-02	5.028E-01	8.898E-03	2.545E-01	1.063E-02	2.483E-01	1.024E-02
9.050E-02	5.045E-01	8.861E-03	2.550E-01	1.059E-02	2.495E-01	1.026E-02
9.150E-02	5.062E-01	8.824E-03	2.555E-01	1.056E-02	2.506E-01	1.027E-02
9.250E-02	5.078E-01	8.788E-03	2.560E-01	1.053E-02	2.518E-01	1.029E-02
9.350E-02	5.094E-01	8.752E-03	2.565E-01	1.050E-02	2.529E-01	1.031E-02
9.450E-02	5.110E-01	8.717E-03	2.569E-01	1.047E-02	2.541E-01	1.033E-02
9.550E-02	5.125E-01	8.682E-03	2.573E-01	1.045E-02	2.552E-01	1.036E-02
9.650E-02	5.140E-01	8.649E-03	2.577E-01	1.042E-02	2.563E-01	1.038E-02
9.750E-02	5.155E-01	8.616E-03	2.581E-01	1.040E-02	2.574E-01	1.041E-02
9.850E-02	5.170E-01	8.585E-03	2.585E-01	1.038E-02	2.585E-01	1.043E-02
9.950E-02	5.184E-01	8.555E-03	2.588E-01	1.037E-02	2.596E-01	1.046E-02
1.005E-01	5.198E-01	8.527E-03	2.592E-01	1.035E-02	2.607E-01	1.049E-02
1.015E-01	5.212E-01	8.498E-03	2.595E-01	1.034E-02	2.617E-01	1.053E-02
1.025E-01	5.226E-01	8.471E-03	2.598E-01	1.033E-02	2.628E-01	1.056E-02
1.035E-01	5.239E-01	8.444E-03	2.601E-01	1.033E-02	2.639E-01	1.061E-02
1.045E-01	5.253E-01	8.419E-03	2.604E-01	1.032E-02	2.649E-01	1.065E-02
1.055E-01	5.266E-01	8.395E-03	2.606E-01	1.032E-02	2.659E-01	1.070E-02
1.065E-01	5.279E-01	8.373E-03	2.609E-01	1.033E-02	2.670E-01	1.075E-02
1.075E-01	5.291E-01	8.353E-03	2.611E-01	1.034E-02	2.680E-01	1.080E-02
1.085E-01	5.303E-01	8.334E-03	2.613E-01	1.035E-02	2.690E-01	1.086E-02
1.095E-01	5.315E-01	8.318E-03	2.615E-01	1.036E-02	2.700E-01	1.091E-02
1.105E-01	5.327E-01	8.303E-03	2.617E-01	1.038E-02	2.710E-01	1.097E-02
1.115E-01	5.339E-01	8.290E-03	2.619E-01	1.040E-02	2.720E-01	1.103E-02
1.125E-01	5.350E-01	8.279E-03	2.621E-01	1.042E-02	2.730E-01	1.109E-02
1.135E-01	5.361E-01	8.269E-03	2.622E-01	1.044E-02	2.739E-01	1.115E-02
1.145E-01	5.372E-01	8.260E-03	2.623E-01	1.047E-02	2.748E-01	1.121E-02
1.155E-01	5.382E-01	8.253E-03	2.624E-01	1.049E-02	2.758E-01	1.127E-02
1.165E-01	5.392E-01	8.246E-03	2.625E-01	1.052E-02	2.767E-01	1.132E-02
1.175E-01	5.402E-01	8.240E-03	2.626E-01	1.055E-02	2.775E-01	1.138E-02
1.185E-01	5.411E-01	8.235E-03	2.627E-01	1.057E-02	2.784E-01	1.143E-02
1.195E-01	5.420E-01	8.229E-03	2.627E-01	1.060E-02	2.793E-01	1.147E-02
1.205E-01	5.429E-01	8.225E-03	2.628E-01	1.062E-02	2.801E-01	1.152E-02
1.215E-01	5.438E-01	8.221E-03	2.628E-01	1.065E-02	2.810E-01	1.157E-02
1.225E-01	5.446E-01	8.218E-03	2.628E-01	1.068E-02	2.818E-01	1.162E-02
1.235E-01	5.454E-01	8.216E-03	2.628E-01	1.071E-02	2.826E-01	1.166E-02
1.245E-01	5.462E-01	8.214E-03	2.628E-01	1.074E-02	2.834E-01	1.171E-02
1.255E-01	5.470E-01	8.212E-03	2.628E-01	1.076E-02	2.842E-01	1.175E-02
1.265E-01	5.477E-01	8.212E-03	2.628E-01	1.079E-02	2.850E-01	1.179E-02
1.275E-01	5.484E-01	8.212E-03	2.627E-01	1.082E-02	2.857E-01	1.183E-02
1.285E-01	5.491E-01	8.213E-03	2.626E-01	1.085E-02	2.865E-01	1.187E-02
1.295E-01	5.498E-01	8.214E-03	2.626E-01	1.088E-02	2.872E-01	1.191E-02
1.305E-01	5.505E-01	8.216E-03	2.625E-01	1.090E-02	2.880E-01	1.195E-02
1.315E-01	5.511E-01	8.218E-03	2.624E-01	1.093E-02	2.887E-01	1.198E-02
1.325E-01	5.517E-01	8.221E-03	2.623E-01	1.096E-02	2.894E-01	1.202E-02
1.335E-01	5.522E-01	8.224E-03	2.622E-01	1.098E-02	2.901E-01	1.205E-02
1.345E-01	5.528E-01	8.228E-03	2.620E-01	1.100E-02	2.907E-01	1.208E-02
1.355E-01	5.533E-01	8.233E-03	2.619E-01	1.102E-02	2.914E-01	1.211E-02
1.365E-01	5.538E-01	8.238E-03	2.618E-01	1.104E-02	2.920E-01	1.213E-02
1.375E-01	5.543E-01	8.243E-03	2.616E-01	1.106E-02	2.927E-01	1.215E-02
1.385E-01	5.547E-01	8.249E-03	2.614E-01	1.108E-02	2.933E-01	1.218E-02
1.395E-01	5.552E-01	8.257E-03	2.613E-01	1.109E-02	2.939E-01	1.220E-02
1.405E-01	5.556E-01	8.265E-03	2.611E-01	1.111E-02	2.945E-01	1.222E-02
1.415E-01	5.560E-01	8.275E-03	2.609E-01	1.112E-02	2.951E-01	1.224E-02
1.425E-01	5.563E-01	8.287E-03	2.606E-01	1.113E-02	2.957E-01	1.226E-02
1.435E-01	5.567E-01	8.299E-03	2.604E-01	1.115E-02	2.963E-01	1.228E-02
1.445E-01	5.570E-01	8.314E-03	2.602E-01	1.116E-02	2.968E-01	1.231E-02
1.455E-01	5.573E-01	8.329E-03	2.600E-01	1.117E-02	2.974E-01	1.233E-02
1.465E-01	5.576E-01	8.346E-03	2.597E-01	1.118E-02	2.979E-01	1.235E-02
1.475E-01	5.579E-01	8.364E-03	2.594E-01	1.119E-02	2.984E-01	1.237E-02
1.485E-01	5.581E-01	8.383E-03	2.592E-01	1.119E-02	2.989E-01	1.239E-02
1.495E-01	5.583E-01	8.403E-03	2.589E-01	1.120E-02	2.994E-01	1.240E-02
1.505E-01	5.585E-01	8.423E-03	2.586E-01	1.121E-02	2.999E-01	1.242E-02
1.515E-01	5.587E-01	8.443E-03	2.583E-01	1.121E-02	3.003E-01	1.244E-02
1.525E-01	5.588E-01	8.462E-03	2.581E-01	1.121E-02	3.008E-01	1.245E-02
1.535E-01	5.590E-01	8.482E-03	2.578E-01	1.121E-02	3.012E-01	1.246E-02
1.545E-01	5.591E-01	8.500E-03	2.575E-01	1.121E-02	3.016E-01	1.246E-02
1.555E-01	5.592E-01	8.518E-03	2.572E-01	1.121E-02	3.020E-01	1.246E-02
1.565E-01	5.593E-01	8.535E-03	2.568E-01	1.120E-02	3.024E-01	1.246E-02
1.575E-01	5.593E-01	8.552E-03	2.565E-01	1.119E-02	3.028E-01	1.246E-02
1.585E-01	5.594E-01	8.570E-03	2.562E-01	1.119E-02	3.032E-01	1.246E-02
1.595E-01	5.594E-01	8.587E-03	2.559E-01	1.118E-02	3.035E-01	1.245E-02
1.605E-01	5.594E-01	8.604E-03	2.555E-01	1.116E-02	3.039E-01	1.244E-02
1.615E-01	5.594E-01	8.620E-03	2.552E-01	1.115E-02	3.042E-01	1.243E-02
1.625E-01	5.593E-01	8.637E-03	2.548E-01	1.114E-02	3.045E-01	1.242E-02
1.635E-01	5.593E-01	8.652E-03	2.545E-01	1.112E-02	3.048E-01	1.241E-02
1.645E-01	5.592E-01	8.668E-03	2.541E-01	1.110E-02	3.051E-01	1.239E-02
1.655E-01	5.591E-01	8.682E-03	2.537E-01	1.109E-02	3.054E-01	1.237E-02
1.665E-01	5.590E-01	8.696E-03	2.533E-01	1.107E-02	3.056E-01	1.235E-02
1.675E-01	5.589E-01	8.710E-03	2.530E-01	1.104E-02	3.059E-01	1.233E-02
1.685E-01	5.587E-01	8.722E-03	2.526E-01	1.102E-02	3.061E-01	1.230E-02
1.695E-01	5.585E-01	8.734E-03	2.522E-01	1.100E-02	3.064E-01	1.228E-02
1.705E-01	5.584E-01	8.744E-03	2.518E-01	1.097E-02	3.066E-01	1.225E-02
1.715E-01	5.582E-01	8.754E-03	2.514E-01	1.095E-02	3.068E-01	1.222E-02
1.725E-01	5.579E-01	8.762E-03	2.510E-01	1.092E-02	3.070E-01	1.219E-02
1.735E-01	5.577E-01	8.770E-03	2.506E-01	1.089E-02	3.071E-01	1.215E-02
1.745E-01	5.575E-01	8.776E-03	2.501E-01	1.086E-02	3.073E-01	1.212E-02
1.755E-01	5.572E-01	8.782E-03	2.497E-01	1.083E-02	3.075E-01	1.208E-02
1.765E-01	5.569E-01	8.787E-03	2.493E-01	1.080E-02	3.076E-01	1.204E-02
1.775E-01	5.566E-01	8.791E-03	2.489E-01	1.077E-02	3.077E-01	1.200E-02
1.785E-01	5.563E-01	8.796E-03	2.484E-01	1.073E-02	3.078E-01	1.196E-02
1.795E-01	5.559E-01	8.799E-03	2.480E-01	1.070E-02	3.079E-01	1.191E-02
1.805E-01	5.556E-01	8.803E-03	2.476E-01	1.066E-02	3.080E-01	1.187E-02
1.815E-01	5.552E-01	8.806E-03	2.471E-01	1.063E-02	3.081E-01	1.183E-02
1.825E-01	5.548E-01	8.809E-03	2.467E-01	1.059E-02	3.082E-01	1.179E-02
1.835E-01	5.544E-01	8.811E-03	2.462E-01	1.056E-02	3.083E-01	1.175E-02
1.845E-01	5.540E-01	8.814E-03	2.457E-01	1.052E-02	3.083E-01	1.171E-02
1.855E-01	5.536E-01	8.815E-03	2.453E-01	1.049E-02	3.084E-01	1.167E-02
1.865E-01	5.532E-01	8.817E-03	2.448E-01	1.046E-02	3.084E-01	1.164E-02
1.875E-01	5.527E-01	8.818E-03	2.443E-01	1.042E-02	3.084E-01	1.160E-02
1.885E-01	5.522E-01	8.818E-03	2.438E-01	1.039E-02	3.084E-01	1.156E-02
1.895E-01	5.518E-01	8.818E-03	2.433E-01	1.035E-02	3.084E-01	1.153E-02
1.905E-01	5.513E-01	8.816E-03	2.428E-01	1.032E-02	3.085E-01	1.149E-02
1.915E-01	5.508E-01	8.814E-03	2.423E-01	1.029E-02	3.085E-01	1.146E-02
1.925E-01	5.503E-01	8.811E-03	2.418E-01	1.025E-02	3.084E-01	1.142E-02
1.935E-01	5.497E-01	8.807E-03	2.413E-01	1.022E-02	3.084E-01	1.138E-02
1.945E-01	5.492E-01	8.803E-03	2.408E-01	1.018E-02	3.084E-01	1.135E-02
1.955E-01	5.486E-01	8.798E-03	2.402E-01	1.015E-02	3.084E-01	1.131E-02
1.965E-01	5.481E-01	8.792E-03	2.397E-01	1.011E-02	3.083E-01	1.128E-02
1.975E-01	5.475E-01	8.786E-03	2.392E-01	1.008E-02	3.083E-01	1.124E-02
1.985E-01	5.469E-01	8.780E-03	2.386E-01	1.004E-02	3.082E-01	1.121E-02
1.995E-01	5.463E-01	8.773E-03	2.381E-01	1.001E-02	3.082E-01	1.118E-02
2.005E-01	5.457E-01	8.765E-03	2.375E-01	9.971E-03	3.081E-01	1.114E-02
2.015E-01	5.450E-01	8.757E-03	2.370E-01	9.935E-03	3.080E-01	1.111E-02
2.025E-01	5.444E-01	8.749E-03	2.364E-01	9.900E-03	3.079E-01	1.107E-02
2.035E-01	5.437E-01	8.740E-03	2.359E-01	9.864E-03	3.079E-01	1.104E-02
2.045E-01	5.431E-01	8.730E-03	2.353E-01	9.828E-03	3.078E-01	1.101E-02
2.055E-01	5.424E-01	8.720E-03	2.347E-01	9.791E-03	3.077E-01	1.098E-02
2.065E-01	5.417E-01	8.710E-03	2.341E-01	9.755E-03	3.075E-01	1.095E-02
2.075E-01	5.410E-01	8.699E-03	2.336E-01	9.719E-03	3.074E-01	1.091E-02
2.085E-01	5.403E-01	8.687E-03	2.330E-01	9.682E-03	3.073E-01	1.088E-02
2.095E-01	5.396E-01	8.675E-03	2.324E-01	9.645E-03	3.072E-01	1.085E-02
2.105E-01	5.388E-01	8.662E-03	2.318E-01	9.608E-03	3.070E-01	1.082E-02
2.115E-01	5.381E-01	8.647E-03	2.312E-01	9.570E-03	3.069E-01	1.079E-02
2.125E-01	5.373E-01	8.632E-03	2.306E-01	9.532E-03	3.068E-01	1.075E-02
2.135E-01	5.366E-01	8.616E-03	2.300E-01	9.494E-03	3.066E-01	1.072E-02
2.145E-01	5.358E-01	8.600E-03	2.294E-01	9.456E-03	3.064E-01	1.069E-02
2.155E-01	5.350E-01	8.583E-03	2.287E-01	9.418E-03	3.063E-01	1.066E-02
2.165E-01	5.342E-01	8.566E-03	2.281E-01	9.381E-03	3.061E-01	1.063E-02
2.175E-01	5.334E-01	8.548E-03	2.275E-01	9.343E-03	3.059E-01	1.060E-02
2.185E-01	5.326E-01	8.531E-03	2.269E-01	9.306E-03	3.057E-01	1.057E-02
2.195E-01	5.318E-01	8.514E-03	2.262E-01	9.269E-03	3.056E-01	1.054E-02
2.205E-01	5.309E-01	8.496E-03	2.256E-01	9.233E-03	3.054E-01	1.052E-02
2.215E-01	5.301E-01	8.479E-03	2.249E-01	9.197E-03	3.052E-01	1.050E-02
2.225E-01	5.292E-01	8.462E-03	2.243E-01	9.161E-03	3.049E-01	1.047E-02
2.235E-01	5.284E-01	8.446E-03	2.236E-01	9.126E-03	3.047E-01	1.045E-02
2.245E-01	5.275E-01	8.429E-03	2.230E-01	9.091E-03	3.045E-01	1.043E-02
2.255E-01	5.266E-01	8.413E-03	2.223E-01	9.056E-03	3.043E-01	1.041E-02
2.265E-01	5.257E-01	8.397E-03	2.217E-01	9.021E-03	3.041E-01	1.039E-02
2.275E-01	5.248E-01	8.382E-03	2.210E-01	8.986E-03	3.038E-01	1.037E-02
2.285E-01	5.239E-01	8.366E-03	2.203E-01	8.952E-03	3.036E-01	1.035E-02
2.295E-01	5.230E-01	8.351E-03	2.197E-01	8.917E-03	3.033E-01	1.034E-02
2.305E-01	5.221E-01	8.336E-03	2.190E-01	8.882E-03	3.031E-01	1.032E-02
2.315E-01	5.211E-01	8.320E-03	2.183E-01	8.847E-03	3.028E-01	1.030E-02
2.325E-01	5.202E-01	8.304E-03	2.176E-01	8.812E-03	3.025E-01	1.029E-02
2.335E-01	5.192E-01	8.289E-03	2.170E-01	8.777E-03	3.023E-01	1.027E-02
2.345E-01	5.183E-01	8.273E-03	2.163E-01	8.743E-03	3.020E-01	1.026E-02
2.355E-01	5.173E-01	8.257E-03	2.156E-01	8.709E-03	3.017E-01	1.024E-02
2.365E-01	5.163E-01	8.242E-03	2.149E-01	8.675E-03	3.014E-01	1.023E-02
2.375E-01	5.153E-01	8.226E-03	2.142E-01	8.642E-03	3.011E-01	1.022E-02
2.385E-01	5.143E-01	8.210E-03	2.135E-01	8.609E-03	3.008E-01	1.021E-02
2.395E-01	5.133E-01	8.195E-03	2.128E-01	8.576E-03	3.005E-01	1.020E-02
2.405E-01	5.123E-01	8.179E-03	2.121E-01	8.543E-03	3.002E-01	1.019E-02
2.415E-01	5.113E-01	8.163E-03	2.114E-01	8.511E-03	2.999E-01	1.018E-02
2.425E-01	5.102E-01	8.147E-03	2.107E-01	8.479E-03	2.996E-01	1.017E-02
2.435E-01	5.092E-01	8.132E-03	2.100E-01	8.448E-03	2.992E-01	1.017E-02
2.445E-01	5.082E-01	8.116E-03	2.093E-01	8.416E-03	2.989E-01	1.016E-02
2.455E-01	5.071E-01	8.100E-03	2.085E-01	8.385E-03	2.986E-01	1.016E-02
2.465E-01	5.060E-01	8.084E-03	2.078E-01	8.355E-03	2.982E-01	1.015E-02
2.475E-01	5.050E-01	8.068E-03	2.071E-01	8.324E-03	2.979E-01	1.014E-02
2.485E-01	5.039E-01	8.052E-03	2.064E-01	8.294E-03	2.975E-01	1.014E-02
2.495E-01	5.028E-01	8.037E-03	2.057E-01	8.265E-03	2.972E-01	1.014E-02
2.505E-01	5.017E-01	8.022E-03	2.049E-01	8.236E-03	2.968E-01	1.014E-02
2.515E-01	5.006E-01	8.008E-03	2.042E-01	8.208E-03	2.964E-01	1.014E-02
2.525E-01	4.995E-01	7.994E-03	2.035E-01	8.181E-03	2.961E-01	1.014E-02
2.535E-01	4.984E-01	7.980E-03	2.027E-01	8.155E-03	2.957E-01	1.015E-02
2.545E-01	4.973E-01	7.966E-03	2.020E-01	8.130E-03	2.953E-01	1.016E-02
2.555E-01	4.962E-01	7.953E-03	2.012E-01	8.106E-03	2.949E-01	1.017E-02
2.565E-01	4.950E-01	7.940E-03	2.005E-01	8.084E-03	2.945E-01	1.018E-02
2.575E-01	4.939E-01	7.927E-03	1.997E-01	8.062E-03	2.941E-01	1.019E-02
2.585E-01	4.927E-01	7.914E-03	1.990E-01	8.042E-03	2.937E-01	1.021E-02
2.595E-01	4.916E-01	7.901E-03	1.983E-01	8.022E-03	2.933E-01	1.022E-02
2.605E-01	4.904E-01	7.887E-03	1.975E-01	8.003E-03	2.929E-01	1.024E-02
2.615E-01	4.892E-01	7.873E-03	1.968E-01	7.985E-03	2.925E-01	1.025E-02
2.625E-01	4.881E-01	7.858E-03	1.960E-01	7.966E-03	2.921E-01	1.026E-02
2.635E-01	4.869E-01	7.843E-03	1.953E-01	7.948E-03	2.916E-01	1.027E-02
2.645E-01	4.857E-01	7.826E-03	1.945E-01	7.930E-03	2.912E-01	1.028E-02
2.655E-01	4.845E-01	7.808E-03	1.937E-01	7.912E-03	2.908E-01	1.029E-02
2.665E-01	4.833E-01	7.789E-03	1.930E-01	7.893E-03	2.903E-01	1.030E-02
2.675E-01	4.821E-01	7.770E-03	1.922E-01	7.875E-03	2.899E-01	1.030E-02
2.685E-01	4.809E-01	7.750E-03	1.915E-01	7.857E-03	2.894E-01	1.030E-02
2.695E-01	4.797E-01	7.729E-03	1.907E-01	7.839E-03	2.890E-01	1.031E-02
2.705E-01	4.785E-01	7.709E-03	1.900E-01	7.822E-03	2.885E-01	1.031E-02
2.715E-01	4.772E-01	7.687E-03	1.892E-01	7.805E-03	2.881E-01	1.031E-02
2.725E-01	4.760E-01	7.665E-03	1.884E-01	7.788E-03	2.876E-01	1.031E-02
2.735E-01	4.748E-01	7.643E-03	1.877E-01	7.771E-03	2.871E-01	1.031E-02
2.745E-01	4.735E-01	7.620E-03	1.869E-01	7.754E-03	2.866E-01	1.030E-02
2.755E-01	4.723E-01	7.596E-03	1.861E-01	7.737E-03	2.861E-01	1.030E-02
2.765E-01	4.710E-01	7.571E-03	1.854E-01	7.720E-03	2.856E-01	1.029E-02
2.775E-01	4.697E-01	7.546E-03	1.846E-01	7.703E-03	2.852E-01	1.028E-02
2.785E-01	4.685E-01	7.521E-03	1.838E-01	7.685E-03	2.847E-01	1.027E-02
2.795E-01	4.672E-01	7.495E-03	1.830E-01	7.668E-03	2.842E-01	1.026E-02
2.805E-01	4.659E-01	7.467E-03	1.823E-01	7.650E-03	2.836E-01	1.024E-02
2.815E-01	4.646E-01	7.440E-03	1.815E-01	7.632E-03	2.831E-01	1.022E-02
2.825E-01	4.634E-01	7.411E-03	1.807E-01	7.614E-03	2.826E-01	1.020E-02
2.835E-01	4.621E-01	7.382E-03	1.800E-01	7.595E-03	2.821E-01	1.018E-02
2.845E-01	4.608E-01	7.352E-03	1.792E-01	7.575E-03	2.816E-01	1.015E-02
2.855E-01	4.595E-01	7.320E-03	1.784E-01	7.554E-03	2.811E-01	1.012E-02
2.865E-01	4.582E-01	7.288E-03	1.776E-01	7.533E-03	2.805E-01	1.008E-02
2.875E-01	4.568E-01	7.254E-03	1.769E-01	7.511E-03	2.800E-01	1.005E-02
2.885E-01	4.555E-01	7.221E-03	1.761E-01	7.489E-03	2.794E-01	1.001E-02
2.895E-01	4.542E-01	7.187E-03	1.753E-01	7.466E-03	2.789E-01	9.966E-03
2.905E-01	4.529E-01	7.153E-03	1.745E-01	7.445E-03	2.783E-01	9.924E-03
2.915E-01	4.515E-01	7.119E-03	1.738E-01	7.423E-03	2.778E-01	9.881E-03
2.925E-01	4.502E-01	7.086E-03	1.730E-01	7.402E-03	2.772E-01	9.839E-03
2.935E-01	4.489E-01	7.053E-03	1.722E-01	7.382E-03	2.767E-01	9.796E-03
2.945E-01	4.475E-01	7.021E-03	1.714E-01	7.363E-03	2.761E-01	9.755E-03
2.955E-01	4.462E-01	6.990E-03	1.706E-01	7.345E-03	2.755E-01	9.714E-03
2.965E-01	4.448E-01	6.960E-03	1.699E-01	7.329E-03	2.749E-01	9.674E-03
2.975E-01	4.435E-01	6.931E-03	1.691E-01	7.313E-03	2.744E-01	9.635E-03
2.985E-01	4.421E-01	6.902E-03	1.683E-01	7.298E-03	2.738E-01	9.598E-03
2.995E-01	4.408E-01	6.874E-03	1.675E-01	7.285E-03	2.732E-01	9.563E-03
3.005E-01	4.394E-01	6.848E-03	1.668E-01	7.272E-03	2.726E-01	9.528E-03
3.015E-01	4.380E-01	6.821E-03	1.660E-01	7.261E-03	2.720E-01	9.496E-03
3.025E-01	4.367E-01	6.796E-03	1.652E-01	7.250E-03	2.715E-01	9.464E-03
3.035E-01	4.353E-01	6.770E-03	1.644E-01	7.241E-03	2.709E-01	9.433E-03
3.045E-01	4.339E-01	6.745E-03	1.636E-01	7.232E-03	2.703E-01	9.403E-03
3.055E-01	4.326E-01	6.721E-03	1.629E-01	7.223E-03	2.697E-01	9.373E-03
3.065E-01	4.312E-01	6.697E-03	1.621E-01	7.216E-03	2.691E-01	9.344E-03
3.075E-01	4.298E-01	6.673E-03	1.613E-01	7.209E-03	2.685E-01	9.316E-03
3.085E-01	4.284E-01	6.649E-03	1.605E-01	7.203E-03	2.679E-01	9.289E-03
3.095E-01	4.270E-01	6.626E-03	1.598E-01	7.198E-03	2.673E-01	9.263E-03
3.105E-01	4.257E-01	6.604E-03	1.590E-01	7.194E-03	2.667E-01	9.239E-03
3.115E-01	4.243E-01	6.582E-03	1.582E-01	7.192E-03	2.661E-01	9.217E-03
3.125E-01	4.229E-01	6.561E-03	1.574E-01	7.190E-03	2.655E-01	9.197E-03
3.135E-01	4.215E-01	6.540E-03	1.566E-01	7.189E-03	2.648E-01	9.178E-03
3.145E-01	4.201E-01	6.520E-03	1.559E-01	7.189E-03	2.642E-01	9.161E-03
3.155E-01	4.187E-01	6.500E-03	1.551E-01	7.190E-03	2.636E-01	9.146E-03
3.165E-01	4.173E-01	6.481E-03	1.543E-01	7.193E-03	2.630E-01	9.133E-03
3.175E-01	4.159E-01	6.462E-03	1.535E-01	7.196E-03	2.624E-01	9.122E-03
3.185E-01	4.145E-01	6.444E-03	1.528E-01	7.200E-03	2.617E-01	9.113E-03
3.195E-01	4.131E-01	6.426E-03	1.520E-01	7.205E-03	2.611E-01	9.106E-03
3.205E-01	4.117E-01	6.409E-03	1.512E-01	7.211E-03	2.605E-01	9.102E-03
3.215E-01	4.103E-01	6.392E-03	1.504E-01	7.218E-03	2.598E-01	9.099E-03
3.225E-01	4.089E-01	6.375E-03	1.497E-01	7.226E-03	2.592E-01	9.099E-03
3.235E-01	4.075E-01	6.359E-03	1.489E-01	7.235E-03	2.586E-01	9.102E-03
3.245E-01	4.061E-01	6.344E-03	1.481E-01	7.245E-03	2.580E-01	9.107E-03
3.255E-01	4.047E-01	6.330E-03	1.473E-01	7.258E-03	2.573E-01	9.117E-03
3.265E-01	4.033E-01	6.317E-03	1.466E-01	7.271E-03	2.567E-01	9.130E-03
3.275E-01	4.018E-01	6.306E-03	1.458E-01	7.287E-03	2.560E-01	9.147E-03
3.285E-01	4.004E-01	6.295E-03	1.450E-01	7.304E-03	2.554E-01	9.168E-03
3.295E-01	3.990E-01	6.287E-03	1.443E-01	7.323E-03	2.548E-01	9.194E-03
3.305E-01	3.976E-01	6.280E-03	1.435E-01	7.343E-03	2.541E-01	9.223E-03
3.315E-01	3.962E-01	6.274E-03	1.427E-01	7.365E-03	2.535E-01	9.255E-03
3.325E-01	3.948E-01	6.270E-03	1.420E-01	7.388E-03	2.528E-01	9.291E-03
3.335E-01	3.933E-01	6.267E-03	1.412E-01	7.413E-03	2.522E-01	9.329E-03
3.345E-01	3.919E-01	6.265E-03	1.404E-01	7.438E-03	2.515E-01	9.369E-03
3.355E-01	3.905E-01	6.264E-03	1.397E-01	7.464E-03	2.508E-01	9.410E-03
3.365E-01	3.891E-01	6.264E-03	1.389E-01	7.490E-03	2.502E-01	9.453E-03
3.375E-01	3.876E-01	6.265E-03	1.381E-01	7.515E-03	2.495E-01	9.495E-03
3.385E-01	3.862E-01	6.265E-03	1.374E-01	7.541E-03	2.488E-01	9.536E-03
3.395E-01	3.848E-01	6.266E-03	1.366E-01	7.566E-03	2.481E-01	9.577E-03
3.405E-01	3.833E-01	6.267E-03	1.359E-01	7.591E-03	2.475E-01	9.618E-03
3.415E-01	3.819E-01	6.269E-03	1.351E-01	7.617E-03	2.468E-01	9.660E-03
3.425E-01	3.805E-01	6.272E-03	1.344E-01	7.643E-03	2.461E-01	9.703E-03
3.435E-01	3.790E-01	6.275E-03	1.336E-01	7.669E-03	2.454E-01	9.747E-03
3.445E-01	3.776E-01	6.278E-03	1.329E-01	7.695E-03	2.447E-01	9.790E-03
3.455E-01	3.761E-01	6.282E-03	1.321E-01	7.720E-03	2.440E-01	9.833E-03
3.465E-01	3.747E-01	6.285E-03	1.314E-01	7.746E-03	2.433E-01	9.876E-03
3.475E-01	3.732E-01	6.289E-03	1.307E-01	7.771E-03	2.426E-01	9.917E-03
3.485E-01	3.718E-01	6.293E-03	1.299E-01	7.795E-03	2.419E-01	9.958E-03
3.495E-01	3.703E-01	6.296E-03	1.292E-01	7.818E-03	2.412E-01	9.997E-03
3.505E-01	3.689E-01	6.300E-03	1.284E-01	7.841E-03	2.405E-01	1.003E-02
3.515E-01	3.674E-01	6.302E-03	1.277E-01	7.862E-03	2.397E-01	1.007E-02
3.525E-01	3.660E-01	6.304E-03	1.270E-01	7.882E-03	2.390E-01	1.010E-02
3.535E-01	3.645E-01	6.306E-03	1.262E-01	7.900E-03	2.383E-01	1.013E-02
3.545E-01	3.631E-01	6.306E-03	1.255E-01	7.917E-03	2.376E-01	1.015E-02
3.555E-01	3.616E-01	6.306E-03	1.248E-01	7.932E-03	2.368E-01	1.018E-02
3.565E-01	3.602E-01	6.304E-03	1.241E-01	7.944E-03	2.361E-01	1.020E-02
3.575E-01	3.587E-01	6.301E-03	1.233E-01	7.955E-03	2.354E-01	1.021E-02
3.585E-01	3.572E-01	6.296E-03	1.226E-01	7.964E-03	2.346E-01	1.022E-02
3.595E-01	3.558E-01	6.290E-03	1.219E-01	7.971E-03	2.339E-01	1.022E-02
3.605E-01	3.543E-01	6.283E-03	1.212E-01	7.976E-03	2.331E-01	1.023E-02
3.615E-01	3.528E-01	6.275E-03	1.205E-01	7.979E-03	2.324E-01	1.023E-02
3.625E-01	3.514E-01	6.266E-03	1.197E-01	7.981E-03	2.316E-01	1.022E-02
3.635E-01	3.499E-01	6.257E-03	1.190E-01	7.982E-03	2.309E-01	1.021E-02
3.645E-01	3.484E-01	6.246E-03	1.183E-01	7.981E-03	2.301E-01	1.021E-02
3.655E-01	3.470E-01	6.235E-03	1.176E-01	7.979E-03	2.293E-01	1.019E-02
3.665E-01	3.455E-01	6.224E-03	1.169E-01	7.976E-03	2.286E-01	1.018E-02
3.675E-01	3.440E-01	6.213E-03	1.162E-01	7.973E-03	2.278E-01	1.017E-02
3.685E-01	3.425E-01	6.201E-03	1.155E-01	7.968E-03	2.270E-01	1.015E-02
3.695E-01	3.411E-01	6.188E-03	1.148E-01	7.963E-03	2.262E-01	1.014E-02
3.705E-01	3.396E-01	6.176E-03	1.141E-01	7.956E-03	2.255E-01	1.012E-02
3.715E-01	3.381E-01	6.163E-03	1.134E-01	7.949E-03	2.247E-01	1.010E-02
3.725E-01	3.366E-01	6.150E-03	1.127E-01	7.942E-03	2.239E-01	1.008E-02
3.735E-01	3.352E-01	6.137E-03	1.121E-01	7.933E-03	2.231E-01	1.006E-02
3.745E-01	3.337E-01	6.124E-03	1.114E-01	7.924E-03	2.223E-01	1.004E-02
3.755E-01	3.322E-01	6.110E-03	1.107E-01	7.914E-03	2.215E-01	1.002E-02
3.765E-01	3.308E-01	6.096E-03	1.100E-01	7.903E-03	2.207E-01	9.992E-03
3.775E-01	3.293E-01	6.081E-03	1.093E-01	7.891E-03	2.199E-01	9.965E-03
3.785E-01	3.278E-01	6.065E-03	1.087E-01	7.879E-03	2.191E-01	9.937E-03
3.795E-01	3.263E-01	6.049E-03	1.080E-01	7.865E-03	2.183E-01	9.907E-03
3.805E-01	3.249E-01	6.033E-03	1.073E-01	7.850E-03	2.175E-01	9.876E-03
3.815E-01	3.234E-01	6.016E-03	1.067E-01	7.835E-03	2.167E-01	9.843E-03
3.825E-01	3.219E-01	5.998E-03	1.060E-01	7.818E-03	2.159E-01	9.808E-03
3.835E-01	3.204E-01	5.980E-03	1.053E-01	7.801E-03	2.151E-01	9.772E-03
3.845E-01	3.190E-01	5.961E-03	1.047E-01	7.784E-03	2.143E-01	9.735E-03
3.855E-01	3.175E-01	5.942E-03	1.040E-01	7.765E-03	2.135E-01	9.697E-03
3.865E-01	3.160E-01	5.923E-03	1.034E-01	7.746E-03	2.127E-01	9.657E-03
3.875E-01	3.146E-01	5.903E-03	1.027E-01	7.727E-03	2.119E-01	9.616E-03
3.885E-01	3.131E-01	5.882E-03	1.021E-01	7.706E-03	2.110E-01	9.573E-03
3.895E-01	3.116E-01	5.861E-03	1.014E-01	7.686E-03	2.102E-01	9.529E-03
3.905E-01	3.102E-01	5.839E-03	1.008E-01	7.664E-03	2.094E-01	9.484E-03
3.915E-01	3.087E-01	5.817E-03	1.001E-01	7.642E-03	2.086E-01	9.438E-03
3.925E-01	3.072E-01	5.794E-03	9.949E-02	7.620E-03	2.077E-01	9.391E-03
3.935E-01	3.058E-01	5.771E-03	9.886E-02	7.596E-03	2.069E-01	9.342E-03
3.945E-01	3.043E-01	5.747E-03	9.823E-02	7.572E-03	2.061E-01	9.291E-03
3.955E-01	3.029E-01	5.722E-03	9.760E-02	7.547E-03	2.053E-01	9.237E-03
3.965E-01	3.014E-01	5.696E-03	9.697E-02	7.521E-03	2.044E-01	9.181E-03
3.975E-01	2.999E-01	5.669E-03	9.635E-02	7.493E-03	2.036E-01	9.122E-03
3.985E-01	2.985E-01	5.641E-03	9.573E-02	7.466E-03	2.028E-01	9.062E-03
3.995E-01	2.970E-01	5.612E-03	9.511E-02	7.437E-03	2.019E-01	9.000E-03
4.005E-01	2.956E-01	5.584E-03	9.450E-02	7.409E-03	2.011E-01	8.938E-03
4.015E-01	2.941E-01	5.555E-03	9.388E-02	7.381E-03	2.002E-01	8.877E-03
4.025E-01	2.927E-01	5.527E-03	9.327E-02	7.353E-03	1.994E-01	8.816E-03
4.035E-01	2.912E-01	5.499E-03	9.267E-02	7.326E-03	1.986E-01	8.757E-03
4.045E-01	2.898E-01	5.471E-03	9.206E-02	7.299E-03	1.977E-01	8.699E-03
4.055E-01	2.883E-01	5.444E-03	9.146E-02	7.274E-03	1.969E-01	8.643E-03
4.065E-01	2.869E-01	5.418E-03	9.086E-02	7.249E-03	1.960E-01	8.589E-03
4.075E-01	2.854E-01	5.392E-03	9.027E-02	7.226E-03	1.952E-01	8.539E-03
4.085E-01	2.840E-01	5.367E-03	8.967E-02	7.205E-03	1.943E-01	8.491E-03
4.095E-01	2.826E-01	5.343E-03	8.908E-02	7.184E-03	1.935E-01	8.446E-03
4.105E-01	2.811E-01	5.320E-03	8.849E-02	7.166E-03	1.926E-01	8.405E-03
4.115E-01	2.797E-01	5.298E-03	8.791E-02	7.148E-03	1.918E-01	8.368E-03
4.125E-01	2.783E-01	5.277E-03	8.732E-02	7.133E-03	1.909E-01	8.333E-03
4.135E-01	2.768E-01	5.256E-03	8.674E-02	7.118E-03	1.901E-01	8.301E-03
4.145E-01	2.754E-01	5.236E-03	8.616E-02	7.104E-03	1.893E-01	8.271E-03
4.155E-01	2.740E-01	5.216E-03	8.559E-02	7.091E-03	1.884E-01	8.242E-03
4.165E-01	2.726E-01	5.197E-03	8.502E-02	7.080E-03	1.876E-01	8.216E-03
4.175E-01	2.712E-01	5.178E-03	8.444E-02	7.069E-03	1.867E-01	8.191E-03
4.185E-01	2.697E-01	5.160E-03	8.388E-02	7.059E-03	1.859E-01	8.170E-03
4.195E-01	2.683E-01	5.142E-03	8.331E-02	7.051E-03	1.850E-01	8.151E-03
4.205E-01	2.669E-01	5.125E-03	8.275E-02	7.044E-03	1.842E-01	8.134E-03
4.215E-01	2.655E-01	5.109E-03	8.219E-02	7.038E-03	1.833E-01	8.121E-03
4.225E-01	2.641E-01	5.094E-03	8.163E-02	7.034E-03	1.825E-01	8.110E-03
4.235E-01	2.627E-01	5.079E-03	8.107E-02	7.031E-03	1.816E-01	8.102E-03
4.245E-01	2.613E-01	5.065E-03	8.052E-02	7.029E-03	1.808E-01	8.096E-03
4.255E-01	2.599E-01	5.051E-03	7.997E-02	7.029E-03	1.799E-01	8.093E-03
4.265E-01	2.585E-01	5.038E-03	7.942E-02	7.030E-03	1.791E-01	8.093E-03
4.275E-01	2.571E-01	5.026E-03	7.888E-02	7.032E-03	1.782E-01	8.095E-03
4.285E-01	2.557E-01	5.014E-03	7.833E-02	7.035E-03	1.774E-01	8.100E-03
4.295E-01	2.543E-01	5.003E-03	7.779E-02	7.040E-03	1.765E-01	8.106E-03
4.305E-01	2.530E-01	4.992E-03	7.725E-02	7.045E-03	1.757E-01	8.115E-03
4.315E-01	2.516E-01	4.982E-03	7.672E-02	7.052E-03	1.749E-01	8.125E-03
4.325E-01	2.502E-01	4.972E-03	7.619E-02	7.060E-03	1.740E-01	8.137E-03
4.335E-01	2.488E-01	4.962E-03	7.566E-02	7.068E-03	1.732E-01	8.151E-03
4.345E-01	2.475E-01	4.953E-03	7.513E-02	7.078E-03	1.723E-01	8.167E-03
4.355E-01	2.461E-01	4.944E-03	7.461E-02	7.089E-03	1.715E-01	8.185E-03
4.365E-01	2.447E-01	4.936E-03	7.408E-02	7.100E-03	1.706E-01	8.204E-03
4.375E-01	2.434E-01	4.928E-03	7.356E-02	7.113E-03	1.698E-01	8.225E-03
4.385E-01	2.420E-01	4.921E-03	7.305E-02	7.126E-03	1.690E-01	8.247E-03
4.395E-01	2.407E-01	4.914E-03	7.253E-02	7.140E-03	1.681E-01	8.271E-03
4.405E-01	2.393E-01	4.907E-03	7.202E-02	7.155E-03	1.673E-01	8.296E-03
4.415E-01	2.380E-01	4.901E-03	7.151E-02	7.171E-03	1.665E-01	8.322E-03
4.425E-01	2.366E-01	4.895E-03	7.100E-02	7.188E-03	1.656E-01	8.349E-03
4.435E-01	2.353E-01	4.889E-03	7.050E-02	7.205E-03	1.648E-01	8.377E-03
4.445E-01	2.339E-01	4.883E-03	6.999E-02	7.222E-03	1.640E-01	8.406E-03
4.455E-01	2.326E-01	4.878E-03	6.949E-02	7.241E-03	1.631E-01	8.436E-03
4.465E-01	2.313E-01	4.872E-03	6.899E-02	7.259E-03	1.623E-01	8.466E-03
4.475E-01	2.300E-01	4.866E-03	6.849E-02	7.278E-03	1.615E-01	8.496E-03
4.485E-01	2.287E-01	4.860E-03	6.800E-02	7.297E-03	1.607E-01	8.526E-03
4.495E-01	2.273E-01	4.854E-03	6.750E-02	7.317E-03	1.598E-01	8.556E-03
4.505E-01	2.260E-01	4.848E-03	6.701E-02	7.337E-03	1.590E-01	8.587E-03
4.515E-01	2.247E-01	4.842E-03	6.652E-02	7.357E-03	1.582E-01	8.618E-03
4.525E-01	2.234E-01	4.836E-03	6.603E-02	7.378E-03	1.574E-01	8.650E-03
4.535E-01	2.221E-01	4.831E-03	6.555E-02	7.399E-03	1.566E-01	8.682E-03
4.545E-01	2.208E-01	4.825E-03	6.506E-02	7.420E-03	1.558E-01	8.715E-03
4.555E-01	2.195E-01	4.819E-03	6.458E-02	7.442E-03	1.550E-01	8.748E-03
4.565E-01	2.183E-01	4.813E-03	6.410E-02	7.464E-03	1.542E-01	8.781E-03
4.575E-01	2.170E-01	4.807E-03	6.363E-02	7.486E-03	1.534E-01	8.815E-03
4.585E-01	2.157E-01	4.801E-03	6.315E-02	7.509E-03	1.526E-01	8.848E-03
4.595E-01	2.144E-01	4.795E-03	6.268E-02	7.531E-03	1.518E-01	8.881E-03
4.605E-01	2.132E-01	4.789E-03	6.220E-02	7.554E-03	1.510E-01	8.915E-03
4.615E-01	2.119E-01	4.782E-03	6.174E-02	7.576E-03	1.502E-01	8.948E-03
4.625E-01	2.106E-01	4.775E-03	6.127E-02	7.599E-03	1.494E-01	8.980E-03
4.635E-01	2.094E-01	4.768E-03	6.080E-02	7.622E-03	1.486E-01	9.013E-03
4.645E-01	2.081E-01	4.761E-03	6.034E-02	7.644E-03	1.478E-01	9.045E-03
4.655E-01	2.069E-01	4.753E-03	5.988E-02	7.666E-03	1.470E-01	9.077E-03
4.665E-01	2.056E-01	4.745E-03	5.941E-02	7.688E-03	1.462E-01	9.108E-03
4.675E-01	2.044E-01	4.737E-03	5.896E-02	7.710E-03	1.455E-01	9.139E-03
4.685E-01	2.032E-01	4.728E-03	5.850E-02	7.732E-03	1.447E-01	9.170E-03
4.695E-01	2.020E-01	4.719E-03	5.804E-02	7.753E-03	1.439E-01	9.200E-03
4.705E-01	2.007E-01	4.710E-03	5.759E-02	7.775E-03	1.431E-01	9.231E-03
4.715E-01	1.995E-01	4.701E-03	5.714E-02	7.796E-03	1.424E-01	9.262E-03
4.725E-01	1.983E-01	4.692E-03	5.668E-02	7.818E-03	1.416E-01	9.293E-03
4.735E-01	1.971E-01	4.683E-03	5.623E-02	7.840E-03	1.409E-01	9.326E-03
4.745E-01	1.959E-01	4.675E-03	5.579E-02	7.862E-03	1.401E-01	9.359E-03
4.755E-01	1.947E-01	4.668E-03	5.534E-02	7.884E-03	1.394E-01	9.394E-03
4.765E-01	1.935E-01	4.661E-03	5.490E-02	7.907E-03	1.386E-01	9.429E-03
4.775E-01	1.923E-01	4.655E-03	5.446E-02	7.930E-03	1.379E-01	9.466E-03
4.785E-01	1.911E-01	4.649E-03	5.402E-02	7.954E-03	1.371E-01	9.504E-03
4.795E-01	1.900E-01	4.644E-03	5.358E-02	7.978E-03	1.364E-01	9.543E-03
4.805E-01	1.888E-01	4.640E-03	5.314E-02	8.003E-03	1.356E-01	9.583E-03
4.815E-01	1.876E-01	4.636E-03	5.271E-02	8.028E-03	1.349E-01	9.624E-03
4.825E-01	1.865E-01	4.632E-03	5.228E-02	8.053E-03	1.342E-01	9.666E-03
4.835E-01	1.853E-01	4.629E-03	5.185E-02	8.078E-03	1.334E-01	9.708E-03
4.845E-01	1.841E-01	4.627E-03	5.143E-02	8.104E-03	1.327E-01	9.751E-03
4.855E-01	1.830E-01	4.624E-03	5.101E-02	8.131E-03	1.320E-01	9.793E-03
4.865E-01	1.818E-01	4.622E-03	5.059E-02	8.157E-03	1.312E-01	9.836E-03
4.875E-01	1.807E-01	4.620E-03	5.017E-02	8.183E-03	1.305E-01	9.880E-03
4.885E-01	1.795E-01	4.618E-03	4.976E-02	8.210E-03	1.298E-01	9.924E-03
4.895E-01	1.784E-01	4.618E-03	4.935E-02	8.238E-03	1.291E-01	9.970E-03
4.905E-01	1.773E-01	4.617E-03	4.894E-02	8.265E-03	1.283E-01	1.002E-02
4.915E-01	1.761E-01	4.617E-03	4.853E-02	8.293E-03	1.276E-01	1.006E-02
4.925E-01	1.750E-01	4.618E-03	4.812E-02	8.321E-03	1.269E-01	1.011E-02
4.935E-01	1.739E-01	4.618E-03	4.772E-02	8.349E-03	1.262E-01	1.016E-02
4.945E-01	1.728E-01	4.619E-03	4.732E-02	8.378E-03	1.254E-01	1.021E-02
4.955E-01	1.717E-01	4.620E-03	4.692E-02	8.406E-03	1.247E-01	1.025E-02
4.965E-01	1.705E-01	4.621E-03	4.652E-02	8.435E-03	1.240E-01	1.030E-02
4.975E-01	1.694E-01	4.622E-03	4.613E-02	8.463E-03	1.233E-01	1.035E-02
4.985E-01	1.683E-01	4.623E-03	4.574E-02	8.491E-03	1.226E-01	1.039E-02
4.995E-01	1.672E-01	4.623E-03	4.535E-02	8.520E-03	1.219E-01	1.044E-02
5.005E-01	1.661E-01	4.622E-03	4.497E-02	8.548E-03	1.212E-01	1.048E-02
5.015E-01	1.651E-01	4.621E-03	4.458E-02	8.575E-03	1.205E-01	1.053E-02
5.025E-01	1.640E-01	4.619E-03	4.420E-02	8.603E-03	1.198E-01	1.057E-02
5.035E-01	1.629E-01	4.616E-03	4.383E-02	8.629E-03	1.191E-01	1.061E-02
5.045E-01	1.618E-01	4.612E-03	4.345E-02	8.656E-03	1.183E-01	1.064E-02
5.055E-01	1.607E-01	4.606E-03	4.308E-02	8.682E-03	1.176E-01	1.068E-02
5.065E-01	1.597E-01	4.599E-03	4.272E-02	8.708E-03	1.169E-01	1.071E-02
5.075E-01	1.586E-01	4.591E-03	4.235E-02	8.733E-03	1.162E-01	1.074E-02
5.085E-01	1.575E-01	4.582E-03	4.199E-02	8.758E-03	1.155E-01	1.078E-02
5.095E-01	1.565E-01	4.572E-03	4.163E-02	8.783E-03	1.148E-01	1.080E-02
5.105E-01	1.554E-01	4.561E-03	4.127E-02	8.808E-03	1.141E-01	1.083E-02
5.115E-01	1.544E-01	4.549E-03	4.092E-02	8.832E-03	1.134E-01	1.086E-02
5.125E-01	1.533E-01	4.537E-03	4.056E-02	8.856E-03	1.127E-01	1.088E-02
5.135E-01	1.523E-01	4.524E-03	4.022E-02	8.880E-03	1.120E-01	1.091E-02
5.145E-01	1.512E-01	4.511E-03	3.987E-02	8.904E-03	1.114E-01	1.093E-02
5.155E-01	1.502E-01	4.497E-03	3.952E-02	8.927E-03	1.107E-01	1.096E-02
5.165E-01	1.492E-01	4.483E-03	3.918E-02	8.951E-03	1.100E-01	1.098E-02
5.175E-01	1.481E-01	4.469E-03	3.884E-02	8.974E-03	1.093E-01	1.100E-02
5.185E-01	1.471E-01	4.455E-03	3.851E-02	8.997E-03	1.086E-01	1.102E-02
5.195E-01	1.461E-01	4.441E-03	3.817E-02	9.020E-03	1.079E-01	1.105E-02
5.205E-01	1.451E-01	4.427E-03	3.784E-02	9.042E-03	1.072E-01	1.107E-02
5.215E-01	1.441E-01	4.413E-03	3.751E-02	9.064E-03	1.065E-01	1.109E-02
5.225E-01	1.430E-01	4.400E-03	3.718E-02	9.086E-03	1.059E-01	1.111E-02
5.235E-01	1.420E-01	4.386E-03	3.686E-02	9.108E-03	1.052E-01	1.113E-02
5.245E-01	1.410E-01	4.372E-03	3.653E-02	9.130E-03	1.045E-01	1.115E-02
5.255E-01	1.400E-01	4.358E-03	3.621E-02	9.151E-03	1.038E-01	1.117E-02
5.265E-01	1.391E-01	4.343E-03	3.589E-02	9.173E-03	1.032E-01	1.119E-02
5.275E-01	1.381E-01	4.327E-03	3.558E-02	9.194E-03	1.025E-01	1.121E-02
5.285E-01	1.371E-01	4.312E-03	3.527E-02	9.215E-03	1.018E-01	1.123E-02
5.295E-01	1.361E-01	4.296E-03	3.495E-02	9.236E-03	1.011E-01	1.125E-02
5.305E-01	1.351E-01	4.280E-03	3.465E-02	9.257E-03	1.005E-01	1.127E-02
5.315E-01	1.341E-01	4.264E-03	3.434E-02	9.277E-03	9.981E-02	1.129E-02
5.325E-01	1.332E-01	4.249E-03	3.404E-02	9.298E-03	9.914E-02	1.130E-02
5.335E-01	1.322E-01	4.233E-03	3.373E-02	9.318E-03	9.848E-02	1.132E-02
5.345E-01	1.313E-01	4.217E-03	3.344E-02	9.338E-03	9.782E-02	1.134E-02
5.355E-01	1.303E-01	4.201E-03	3.314E-02	9.357E-03	9.716E-02	1.135E-02
5.365E-01	1.293E-01	4.186E-03	3.284E-02	9.377E-03	9.650E-02	1.137E-02
5.375E-01	1.284E-01	4.171E-03	3.255E-02	9.396E-03	9.584E-02	1.139E-02
5.385E-01	1.274E-01	4.156E-03	3.226E-02	9.414E-03	9.519E-02	1.140E-02
5.395E-01	1.265E-01	4.141E-03	3.197E-02	9.433E-03	9.454E-02	1.142E-02
5.405E-01	1.256E-01	4.127E-03	3.169E-02	9.450E-03	9.389E-02	1.144E-02
5.415E-01	1.246E-01	4.113E-03	3.141E-02	9.468E-03	9.324E-02	1.145E-02
5.425E-01	1.237E-01	4.099E-03	3.112E-02	9.485E-03	9.259E-02	1.147E-02
5.435E-01	1.228E-01	4.086E-03	3.085E-02	9.501E-03	9.194E-02	1.148E-02
5.445E-01	1.219E-01	4.072E-03	3.057E-02	9.518E-03	9.130E-02	1.150E-02
5.455E-01	1.210E-01	4.058E-03	3.030E-02	9.533E-03	9.066E-02	1.152E-02
5.465E-01	1.200E-01	4.045E-03	3.002E-02	9.549E-03	9.002E-02	1.153E-02
5.475E-01	1.191E-01	4.032E-03	2.975E-02	9.565E-03	8.938E-02	1.154E-02
5.485E-01	1.182E-01	4.019E-03	2.949E-02	9.580E-03	8.874E-02	1.156E-02
5.495E-01	1.173E-01	4.006E-03	2.922E-02	9.595E-03	8.811E-02	1.157E-02
5.505E-01	1.164E-01	3.994E-03	2.896E-02	9.610E-03	8.747E-02	1.159E-02
5.515E-01	1.155E-01	3.982E-03	2.870E-02	9.624E-03	8.684E-02	1.160E-02
5.525E-01	1.146E-01	3.970E-03	2.844E-02	9.639E-03	8.621E-02	1.162E-02
5.535E-01	1.138E-01	3.959E-03	2.818E-02	9.653E-03	8.558E-02	1.163E-02
5.545E-01	1.129E-01	3.947E-03	2.793E-02	9.667E-03	8.496E-02	1.165E-02
5.555E-01	1.120E-01	3.936E-03	2.767E-02	9.682E-03	8.434E-02	1.166E-02
5.565E-01	1.111E-01	3.925E-03	2.742E-02	9.696E-03	8.371E-02	1.168E-02
5.575E-01	1.103E-01	3.915E-03	2.717E-02	9.710E-03	8.310E-02	1.169E-02
5.585E-01	1.094E-01	3.905E-03	2.693E-02	9.724E-03	8.248E-02	1.170E-02
5.595E-01	1.085E-01	3.894E-03	2.668E-02	9.738E-03	8.186E-02	1.172E-02
5.605E-01	1.077E-01	3.885E-03	2.644E-02	9.751E-03	8.125E-02	1.173E-02
5.615E-01	1.068E-01	3.875E-03	2.620E-02	9.765E-03	8.064E-02	1.175E-02
5.625E-01	1.060E-01	3.866E-03	2.596E-02	9.778E-03	8.003E-02	1.176E-02
5.635E-01	1.052E-01	3.857E-03	2.573E-02	9.792E-03	7.943E-02	1.178E-02
5.645E-01	1.043E-01	3.848E-03	2.549E-02	9.805E-03	7.882E-02	1.179E-02
5.655E-01	1.035E-01	3.840E-03	2.526E-02	9.818E-03	7.822E-02	1.181E-02
5.665E-01	1.026E-01	3.832E-03	2.503E-02	9.831E-03	7.762E-02	1.182E-02
5.675E-01	1.018E-01	3.824E-03	2.480E-02	9.844E-03	7.702E-02	1.184E-02
5.685E-01	1.010E-01	3.816E-03	2.458E-02	9.856E-03	7.642E-02	1.185E-02
5.695E-01	1.002E-01	3.809E-03	2.435E-02	9.869E-03	7.583E-02	1.187E-02
5.705E-01	9.936E-02	3.802E-03	2.413E-02	9.882E-03	7.523E-02	1.188E-02
5.715E-01	9.855E-02	3.795E-03	2.391E-02	9.894E-03	7.464E-02	1.189E-02
5.725E-01	9.775E-02	3.788E-03	2.369E-02	9.906E-03	7.406E-02	1.191E-02
5.735E-01	9.694E-02	3.782E-03	2.347E-02	9.918E-03	7.347E-02	1.192E-02
5.745E-01	9.615E-02	3.776E-03	2.326E-02	9.930E-03	7.289E-02	1.194E-02
5.755E-01	9.535E-02	3.769E-03	2.305E-02	9.941E-03	7.231E-02	1.195E-02
5.765E-01	9.456E-02	3.763E-03	2.283E-02	9.953E-03	7.173E-02	1.196E-02
5.775E-01	9.378E-02	3.757E-03	2.262E-02	9.964E-03	7.115E-02	1.198E-02
5.785E-01	9.300E-02	3.751E-03	2.242E-02	9.975E-03	7.058E-02	1.199E-02
5.795E-01	9.222E-02	3.745E-03	2.221E-02	9.986E-03	7.001E-02	1.200E-02
5.805E-01	9.145E-02	3.739E-03	2.201E-02	9.996E-03	6.944E-02	1.202E-02
5.815E-01	9.068E-02	3.733E-03	2.181E-02	1.001E-02	6.887E-02	1.203E-02
5.825E-01	8.991E-02	3.727E-03	2.161E-02	1.002E-02	6.831E-02	1.204E-02
5.835E-01	8.915E-02	3.722E-03	2.141E-02	1.003E-02	6.774E-02	1.205E-02
5.845E-01	8.840E-02	3.716E-03	2.121E-02	1.004E-02	6.718E-02	1.207E-02
5.855E-01	8.765E-02	3.711E-03	2.102E-02	1.005E-02	6.663E-02	1.208E-02
5.865E-01	8.690E-02	3.706E-03	2.083E-02	1.006E-02	6.607E-02	1.209E-02
5.875E-01	8.615E-02	3.701E-03	2.064E-02	1.007E-02	6.552E-02	1.210E-02
5.885E-01	8.541E-02	3.695E-03	2.045E-02	1.008E-02	6.497E-02	1.211E-02
5.895E-01	8.468E-02	3.690E-03	2.026E-02	1.008E-02	6.442E-02	1.212E-02
5.905E-01	8.395E-02	3.685E-03	2.007E-02	1.009E-02	6.387E-02	1.213E-02
5.915E-01	8.322E-02	3.680E-03	1.989E-02	1.010E-02	6.333E-02	1.214E-02
5.925E-01	8.250E-02	3.675E-03	1.971E-02	1.011E-02	6.279E-02	1.215E-02
5.935E-01	8.178E-02	3.669E-03	1.952E-02	1.011E-02	6.225E-02	1.216E-02
5.945E-01	8.106E-02	3.664E-03	1.934E-02	1.012E-02	6.172E-02	1.217E-02
5.955E-01	8.035E-02	3.658E-03	1.916E-02	1.013E-02	6.119E-02	1.218E-02
5.965E-01	7.965E-02	3.653E-03	1.899E-02	1.013E-02	6.066E-02	1.218E-02
5.975E-01	7.895E-02	3.647E-03	1.881E-02	1.014E-02	6.014E-02	1.219E-02
5.985E-01	7.825E-02	3.641E-03	1.864E-02	1.014E-02	5.961E-02	1.219E-02
5.995E-01	7.756E-02	3.636E-03	1.846E-02	1.015E-02	5.909E-02	1.220E-02
6.005E-01	7.687E-02	3.630E-03	1.829E-02	1.015E-02	5.857E-02	1.220E-02
6.015E-01	7.618E-02	3.624E-03	1.812E-02	1.015E-02	5.806E-02	1.221E-02
6.025E-01	7.550E-02	3.618E-03	1.796E-02	1.016E-02	5.754E-02	1.221E-02
6.035E-01	7.482E-02	3.612E-03	1.779E-02	1.016E-02	5.703E-02	1.221E-02
6.045E-01	7.415E-02	3.606E-03	1.763E-02	1.016E-02	5.653E-02	1.222E-02
6.055E-01	7.348E-02	3.600E-03	1.746E-02	1.016E-02	5.602E-02	1.222E-02
6.065E-01	7.282E-02	3.594E-03	1.730E-02	1.016E-02	5.552E-02	1.222E-02
6.075E-01	7.216E-02	3.587E-03	1.714E-02	1.016E-02	5.502E-02	1.222E-02
6.085E-01	7.150E-02	3.580E-03	1.698E-02	1.016E-02	5.452E-02	1.222E-02
6.095E-01	7.085E-02	3.573E-03	1.682E-02	1.016E-02	5.403E-02	1.222E-02
6.105E-01	7.020E-02	3.565E-03	1.666E-02	1.016E-02	5.354E-02	1.221E-02
6.115E-01	6.956E-02	3.557E-03	1.651E-02	1.016E-02	5.306E-02	1.221E-02
6.125E-01	6.892E-02	3.549E-03	1.635E-02	1.015E-02	5.257E-02	1.221E-02
6.135E-01	6.829E-02	3.540E-03	1.620E-02	1.015E-02	5.209E-02	1.220E-02
6.145E-01	6.766E-02	3.531E-03	1.604E-02	1.014E-02	5.162E-02	1.219E-02
6.155E-01	6.704E-02	3.521E-03	1.589E-02	1.014E-02	5.115E-02	1.218E-02
6.165E-01	6.642E-02	3.511E-03	1.574E-02	1.013E-02	5.068E-02	1.217E-02
6.175E-01	6.580E-02	3.500E-03	1.559E-02	1.012E-02	5.021E-02	1.216E-02
6.185E-01	6.519E-02	3.489E-03	1.544E-02	1.011E-02	4.975E-02	1.215E-02
6.195E-01	6.458E-02	3.477E-03	1.530E-02	1.011E-02	4.929E-02	1.213E-02
6.205E-01	6.398E-02	3.466E-03	1.515E-02	1.009E-02	4.883E-02	1.212E-02
6.215E-01	6.338E-02	3.454E-03	1.500E-02	1.008E-02	4.838E-02	1.211E-02
6.225E-01	6.279E-02	3.442E-03	1.486E-02	1.007E-02	4.793E-02	1.209E-02
6.235E-01	6.220E-02	3.430E-03	1.472E-02	1.006E-02	4.748E-02	1.207E-02
6.245E-01	6.161E-02	3.418E-03	1.458E-02	1.005E-02	4.703E-02	1.206E-02
6.255E-01	6.103E-02	3.406E-03	1.444E-02	1.004E-02	4.659E-02	1.204E-02
6.265E-01	6.045E-02	3.394E-03	1.430E-02	1.002E-02	4.615E-02	1.202E-02
6.275E-01	5.988E-02	3.383E-03	1.416E-02	1.001E-02	4.572E-02	1.200E-02
6.285E-01	5.931E-02	3.371E-03	1.402E-02	9.995E-03	4.528E-02	1.198E-02
6.295E-01	5.874E-02	3.359E-03	1.388E-02	9.981E-03	4.486E-02	1.197E-02
6.305E-01	5.818E-02	3.348E-03	1.375E-02	9.967E-03	4.443E-02	1.195E-02
6.315E-01	5.762E-02	3.337E-03	1.361E-02	9.953E-03	4.400E-02	1.193E-02
6.325E-01	5.706E-02	3.326E-03	1.348E-02	9.938E-03	4.358E-02	1.191E-02
6.335E-01	5.651E-02	3.315E-03	1.335E-02	9.923E-03	4.317E-02	1.189E-02
6.345E-01	5.596E-02	3.304E-03	1.321E-02	9.907E-03	4.275E-02	1.187E-02
6.355E-01	5.542E-02	3.293E-03	1.308E-02	9.892E-03	4.234E-02	1.184E-02
6.365E-01	5.488E-02	3.282E-03	1.295E-02	9.875E-03	4.193E-02	1.182E-02
6.375E-01	5.435E-02	3.271E-03	1.282E-02	9.859E-03	4.152E-02	1.180E-02
6.385E-01	5.382E-02	3.261E-03	1.270E-02	9.842E-03	4.112E-02	1.178E-02
6.395E-01	5.329E-02	3.250E-03	1.257E-02	9.825E-03	4.072E-02	1.176E-02
6.405E-01	5.276E-02	3.240E-03	1.244E-02	9.807E-03	4.032E-02	1.173E-02
6.415E-01	5.224E-02	3.230E-03	1.232E-02	9.790E-03	3.993E-02	1.171E-02
6.425E-01	5.173E-02	3.220E-03	1.219E-02	9.772E-03	3.954E-02	1.169E-02
6.435E-01	5.122E-02	3.210E-03	1.207E-02	9.754E-03	3.915E-02	1.166E-02
6.445E-01	5.071E-02	3.201E-03	1.194E-02	9.736E-03	3.876E-02	1.164E-02
6.455E-01	5.020E-02	3.191E-03	1.182E-02	9.718E-03	3.838E-02	1.161E-02
6.465E-01	4.970E-02	3.182E-03	1.170E-02	9.699E-03	3.800E-02	1.159E-02
6.475E-01	4.920E-02	3.173E-03	1.158E-02	9.681E-03	3.762E-02	1.156E-02
6.485E-01	4.871E-02	3.163E-03	1.146E-02	9.662E-03	3.725E-02	1.154E-02
6.495E-01	4.821E-02	3.154E-03	1.134E-02	9.644E-03	3.688E-02	1.151E-02
6.505E-01	4.773E-02	3.145E-03	1.122E-02	9.625E-03	3.651E-02	1.149E-02
6.515E-01	4.724E-02	3.136E-03	1.110E-02	9.606E-03	3.615E-02	1.146E-02
6.525E-01	4.676E-02	3.127E-03	1.098E-02	9.587E-03	3.578E-02	1.144E-02
6.535E-01	4.628E-02	3.117E-03	1.086E-02	9.568E-03	3.543E-02	1.141E-02
6.545E-01	4.581E-02	3.108E-03	1.074E-02	9.548E-03	3.507E-02	1.138E-02
6.555E-01	4.534E-02	3.099E-03	1.062E-02	9.529E-03	3.472E-02	1.136E-02
6.565E-01	4.488E-02	3.090E-03	1.051E-02	9.509E-03	3.437E-02	1.133E-02
6.575E-01	4.441E-02	3.081E-03	1.039E-02	9.489E-03	3.402E-02	1.130E-02
6.585E-01	4.395E-02	3.073E-03	1.027E-02	9.469E-03	3.368E-02	1.127E-02
6.595E-01	4.350E-02	3.064E-03	1.016E-02	9.449E-03	3.334E-02	1.125E-02
6.605E-01	4.304E-02	3.056E-03	1.004E-02	9.429E-03	3.300E-02	1.122E-02
6.615E-01	4.260E-02	3.048E-03	9.930E-03	9.409E-03	3.267E-02	1.119E-02
6.625E-01	4.215E-02	3.041E-03	9.817E-03	9.390E-03	3.233E-02	1.116E-02
6.635E-01	4.171E-02	3.034E-03	9.705E-03	9.370E-03	3.200E-02	1.114E-02
6.645E-01	4.127E-02	3.027E-03	9.594E-03	9.350E-03	3.167E-02	1.111E-02
6.655E-01	4.083E-02	3.020E-03	9.483E-03	9.330E-03	3.135E-02	1.108E-02
6.665E-01	4.040E-02	3.013E-03	9.374E-03	9.311E-03	3.103E-02	1.106E-02
6.675E-01	3.997E-02	3.007E-03	9.265E-03	9.291E-03	3.070E-02	1.103E-02
6.685E-01	3.954E-02	3.001E-03	9.158E-03	9.272E-03	3.039E-02	1.101E-02
6.695E-01	3.912E-02	2.994E-03	9.051E-03	9.253E-03	3.007E-02	1.098E-02
6.705E-01	3.870E-02	2.988E-03	8.946E-03	9.233E-03	2.975E-02	1.096E-02
6.715E-01	3.828E-02	2.983E-03	8.840E-03	9.214E-03	2.944E-02	1.093E-02
6.725E-01	3.787E-02	2.977E-03	8.736E-03	9.195E-03	2.913E-02	1.091E-02
6.735E-01	3.746E-02	2.972E-03	8.632E-03	9.175E-03	2.883E-02	1.088E-02
6.745E-01	3.705E-02	2.968E-03	8.529E-03	9.156E-03	2.852E-02	1.086E-02
6.755E-01	3.665E-02	2.963E-03	8.427E-03	9.136E-03	2.822E-02	1.083E-02
6.765E-01	3.625E-02	2.959E-03	8.326E-03	9.117E-03	2.792E-02	1.081E-02
6.775E-01	3.585E-02	2.955E-03	8.225E-03	9.098E-03	2.763E-02	1.078E-02
6.785E-01	3.546E-02	2.951E-03	8.126E-03	9.078E-03	2.733E-02	1.076E-02
6.795E-01	3.506E-02	2.947E-03	8.027E-03	9.059E-03	2.704E-02	1.074E-02
6.805E-01	3.468E-02	2.943E-03	7.930E-03	9.040E-03	2.675E-02	1.071E-02
6.815E-01	3.429E-02	2.939E-03	7.833E-03	9.020E-03	2.646E-02	1.069E-02
6.825E-01	3.391E-02	2.934E-03	7.737E-03	9.001E-03	2.617E-02	1.066E-02
6.835E-01	3.353E-02	2.929E-03	7.643E-03	8.981E-03	2.589E-02	1.064E-02
6.845E-01	3.315E-02	2.924E-03	7.550E-03	8.961E-03	2.560E-02	1.062E-02
6.855E-01	3.278E-02	2.918E-03	7.458E-03	8.941E-03	2.532E-02	1.059E-02
6.865E-01	3.241E-02	2.912E-03	7.367E-03	8.921E-03	2.504E-02	1.057E-02
6.875E-01	3.204E-02	2.905E-03	7.277E-03	8.900E-03	2.476E-02	1.054E-02
6.885E-01	3.167E-02	2.897E-03	7.189E-03	8.880E-03	2.448E-02	1.051E-02
6.895E-01	3.131E-02	2.888E-03	7.102E-03	8.858E-03	2.421E-02	1.048E-02
6.905E-01	3.095E-02	2.879E-03	7.016E-03	8.837E-03	2.394E-02	1.046E-02
6.915E-01	3.060E-02	2.869E-03	6.932E-03	8.815E-03	2.366E-02	1.043E-02
6.925E-01	3.024E-02	2.858E-03	6.848E-03	8.793E-03	2.339E-02	1.040E-02
6.935E-01	2.989E-02	2.847E-03	6.765E-03	8.770E-03	2.313E-02	1.037E-02
6.945E-01	2.954E-02	2.835E-03	6.684E-03	8.747E-03	2.286E-02	1.034E-02
6.955E-01	2.920E-02	2.823E-03	6.603E-03	8.724E-03	2.260E-02	1.031E-02
6.965E-01	2.886E-02	2.811E-03	6.524E-03	8.701E-03	2.233E-02	1.027E-02
6.975E-01	2.852E-02	2.798E-03	6.445E-03	8.677E-03	2.207E-02	1.024E-02
6.985E-01	2.818E-02	2.785E-03	6.368E-03	8.653E-03	2.181E-02	1.021E-02
6.995E-01	2.785E-02	2.772E-03	6.291E-03	8.629E-03	2.155E-02	1.018E-02
7.005E-01	2.751E-02	2.759E-03	6.216E-03	8.605E-03	2.130E-02	1.014E-02
7.015E-01	2.719E-02	2.745E-03	6.141E-03	8.580E-03	2.104E-02	1.011E-02
7.025E-01	2.686E-02	2.731E-03	6.067E-03	8.555E-03	2.079E-02	1.007E-02
7.035E-01	2.653E-02	2.718E-03	5.994E-03	8.530E-03	2.054E-02	1.004E-02
7.045E-01	2.621E-02	2.704E-03	5.922E-03	8.505E-03	2.029E-02	1.000E-02
7.055E-01	2.589E-02	2.690E-03	5.850E-03	8.480E-03	2.004E-02	9.968E-03
7.065E-01	2.557E-02	2.675E-03	5.780E-03	8.455E-03	1.979E-02	9.932E-03
7.075E-01	2.526E-02	2.661E-03	5.710E-03	8.429E-03	1.955E-02	9.896E-03
7.085E-01	2.495E-02	2.647E-03	5.641E-03	8.403E-03	1.931E-02	9.859E-03
7.095E-01	2.464E-02	2.632E-03	5.573E-03	8.377E-03	1.906E-02	9.822E-03
7.105E-01	2.433E-02	2.617E-03	5.507E-03	8.350E-03	1.882E-02	9.784E-03
7.115E-01	2.403E-02	2.602E-03	5.441E-03	8.323E-03	1.859E-02	9.747E-03
7.125E-01	2.373E-02	2.587E-03	5.376E-03	8.297E-03	1.835E-02	9.708E-03
7.135E-01	2.343E-02	2.572E-03	5.312E-03	8.269E-03	1.811E-02	9.670E-03
7.145E-01	2.313E-02	2.557E-03	5.248E-03	8.242E-03	1.788E-02	9.631E-03
7.155E-01	2.283E-02	2.543E-03	5.186E-03	8.215E-03	1.765E-02	9.592E-03
7.165E-01	2.254E-02	2.528E-03	5.124E-03	8.187E-03	1.742E-02	9.553E-03
7.175E-01	2.225E-02	2.513E-03	5.063E-03	8.159E-03	1.719E-02	9.513E-03
7.185E-01	2.196E-02	2.498E-03	5.003E-03	8.131E-03	1.696E-02	9.473E-03
7.195E-01	2.168E-02	2.483E-03	4.944E-03	8.102E-03	1.673E-02	9.433E-03
7.205E-01	2.139E-02	2.468E-03	4.885E-03	8.074E-03	1.651E-02	9.392E-03
7.215E-01	2.111E-02	2.453E-03	4.827E-03	8.045E-03	1.628E-02	9.351E-03
7.225E-01	2.083E-02	2.437E-03	4.769E-03	8.016E-03	1.606E-02	9.309E-03
7.235E-01	2.055E-02	2.421E-03	4.713E-03	7.986E-03	1.584E-02	9.267E-03
7.245E-01	2.027E-02	2.405E-03	4.656E-03	7.957E-03	1.561E-02	9.225E-03
7.255E-01	1.999E-02	2.389E-03	4.601E-03	7.927E-03	1.539E-02	9.181E-03
7.265E-01	1.972E-02	2.372E-03	4.546E-03	7.896E-03	1.517E-02	9.137E-03
7.275E-01	1.945E-02	2.355E-03	4.492E-03	7.865E-03	1.496E-02	9.093E-03
7.285E-01	1.918E-02	2.337E-03	4.439E-03	7.834E-03	1.474E-02	9.048E-03
7.295E-01	1.891E-02	2.319E-03	4.387E-03	7.802E-03	1.452E-02	9.002E-03
7.305E-01	1.864E-02	2.301E-03	4.336E-03	7.771E-03	1.431E-02	8.956E-03
7.315E-01	1.838E-02	2.283E-03	4.285E-03	7.738E-03	1.409E-02	8.910E-03
7.325E-01	1.811E-02	2.265E-03	4.235E-03	7.706E-03	1.388E-02	8.863E-03
7.335E-01	1.785E-02	2.247E-03	4.185E-03	7.673E-03	1.367E-02	8.815E-03
7.345E-01	1.760E-02	2.228E-03	4.136E-03	7.640E-03	1.346E-02	8.768E-03
7.355E-01	1.734E-02	2.210E-03	4.088E-03	7.607E-03	1.325E-02	8.720E-03
7.365E-01	1.708E-02	2.192E-03	4.040E-03	7.574E-03	1.304E-02	8.672E-03
7.375E-01	1.683E-02	2.175E-03	3.993E-03	7.541E-03	1.284E-02	8.624E-03
7.385E-01	1.658E-02	2.157E-03	3.946E-03	7.507E-03	1.263E-02	8.575E-03
7.395E-01	1.633E-02	2.140E-03	3.900E-03	7.474E-03	1.243E-02	8.527E-03
7.405E-01	1.609E-02	2.123E-03	3.854E-03	7.440E-03	1.223E-02	8.478E-03
7.415E-01	1.584E-02	2.106E-03	3.809E-03	7.406E-03	1.203E-02	8.430E-03
7.425E-01	1.560E-02	2.090E-03	3.764E-03	7.373E-03	1.183E-02	8.381E-03
7.435E-01	1.536E-02	2.074E-03	3.720E-03	7.339E-03	1.164E-02	8.333E-03
7.445E-01	1.512E-02	2.059E-03	3.676E-03	7.305E-03	1.144E-02	8.284E-03
7.455E-01	1.488E-02	2.043E-03	3.633E-03	7.270E-03	1.125E-02	8.235E-03
7.465E-01	1.465E-02	2.028E-03	3.591E-03	7.236E-03	1.106E-02	8.185E-03
7.475E-01	1.442E-02	2.012E-03	3.549E-03	7.201E-03	1.087E-02	8.135E-03
7.485E-01	1.419E-02	1.998E-03	3.508E-03	7.166E-03	1.068E-02	8.086E-03
7.495E-01	1.396E-02	1.983E-03	3.468E-03	7.131E-03	1.049E-02	8.036E-03
7.505E-01	1.373E-02	1.970E-03	3.427E-03	7.096E-03	1.030E-02	7.986E-03
7.515E-01	1.351E-02	1.956E-03	3.388E-03	7.061E-03	1.012E-02	7.936E-03
7.525E-01	1.328E-02	1.944E-03	3.349E-03	7.026E-03	9.934E-03	7.886E-03
7.535E-01	1.306E-02	1.932E-03	3.310E-03	6.991E-03	9.752E-03	7.837E-03
7.545E-01	1.284E-02	1.920E-03	3.272E-03	6.956E-03	9.572E-03	7.787E-03
7.555E-01	1.263E-02	1.909E-03	3.233E-03	6.920E-03	9.394E-03	7.737E-03
7.565E-01	1.241E-02	1.899E-03	3.196E-03	6.885E-03	9.218E-03	7.688E-03
7.575E-01	1.220E-02	1.889E-03	3.158E-03	6.850E-03	9.044E-03	7.638E-03
7.585E-01	1.199E-02	1.880E-03	3.121E-03	6.815E-03	8.871E-03	7.589E-03
7.595E-01	1.178E-02	1.871E-03	3.084E-03	6.780E-03	8.701E-03	7.540E-03
7.605E-01	1.158E-02	1.863E-03	3.047E-03	6.745E-03	8.533E-03	7.490E-03
7.615E-01	1.138E-02	1.855E-03	3.010E-03	6.709E-03	8.367E-03	7.441E-03
7.625E-01	1.118E-02	1.848E-03	2.974E-03	6.674E-03	8.203E-03	7.392E-03
7.635E-01	1.098E-02	1.841E-03	2.938E-03	6.639E-03	8.041E-03	7.343E-03
7.645E-01	1.078E-02	1.835E-03	2.902E-03	6.603E-03	7.880E-03	7.294E-03
7.655E-01	1.059E-02	1.829E-03	2.867E-03	6.568E-03	7.722E-03	7.245E-03
7.665E-01	1.040E-02	1.824E-03	2.832E-03	6.532E-03	7.565E-03	7.196E-03
7.675E-01	1.021E-02	1.819E-03	2.797E-03	6.496E-03	7.410E-03	7.147E-03
7.685E-01	1.002E-02	1.815E-03	2.763E-03	6.460E-03	7.257E-03	7.098E-03
7.695E-01	9.834E-03	1.812E-03	2.729E-03	6.425E-03	7.106E-03	7.049E-03
7.705E-01	9.651E-03	1.809E-03	2.695E-03	6.389E-03	6.956E-03	7.001E-03
7.715E-01	9.469E-03	1.807E-03	2.661E-03	6.353E-03	6.808E-03	6.953E-03
7.725E-01	9.290E-03	1.806E-03	2.628E-03	6.318E-03	6.662E-03	6.906E-03
7.735E-01	9.113E-03	1.805E-03	2.595E-03	6.282E-03	6.518E-03	6.859E-03
7.745E-01	8.938E-03	1.805E-03	2.562E-03	6.247E-03	6.376E-03	6.812E-03
7.755E-01	8.764E-03	1.806E-03	2.529E-03	6.212E-03	6.235E-03	6.766E-03
7.765E-01	8.593E-03	1.808E-03	2.497E-03	6.177E-03	6.096E-03	6.721E-03
7.775E-01	8.424E-03	1.810E-03	2.464E-03	6.142E-03	5.959E-03	6.676E-03
7.785E-01	8.256E-03	1.812E-03	2.432E-03	6.108E-03	5.824E-03	6.631E-03
7.795E-01	8.090E-03	1.815E-03	2.400E-03	6.073E-03	5.690E-03	6.587E-03
7.805E-01	7.927E-03	1.819E-03	2.368E-03	6.039E-03	5.559E-03	6.543E-03
7.815E-01	7.765E-03	1.823E-03	2.337E-03	6.005E-03	5.428E-03	6.500E-03
7.825E-01	7.606E-03	1.829E-03	2.306E-03	5.971E-03	5.300E-03	6.457E-03
7.835E-01	7.448E-03	1.835E-03	2.275E-03	5.937E-03	5.173E-03	6.415E-03
7.845E-01	7.293E-03	1.841E-03	2.244E-03	5.903E-03	5.049E-03	6.374E-03
7.855E-01	7.139E-03	1.849E-03	2.214E-03	5.869E-03	4.925E-03	6.333E-03
7.865E-01	6.988E-03	1.857E-03	2.184E-03	5.835E-03	4.804E-03	6.292E-03
7.875E-01	6.838E-03	1.866E-03	2.154E-03	5.801E-03	4.684E-03	6.253E-03
7.885E-01	6.690E-03	1.875E-03	2.124E-03	5.768E-03	4.566E-03	6.214E-03
7.895E-01	6.544E-03	1.885E-03	2.094E-03	5.735E-03	4.450E-03	6.175E-03
7.905E-01	6.400E-03	1.895E-03	2.065E-03	5.702E-03	4.336E-03	6.137E-03
7.915E-01	6.258E-03	1.905E-03	2.035E-03	5.669E-03	4.223E-03	6.099E-03
7.925E-01	6.118E-03	1.916E-03	2.006E-03	5.637E-03	4.112E-03	6.062E-03
7.935E-01	5.979E-03	1.926E-03	1.976E-03	5.604E-03	4.003E-03	6.024E-03
7.945E-01	5.842E-03	1.936E-03	1.947E-03	5.572E-03	3.895E-03	5.987E-03
7.955E-01	5.707E-03	1.946E-03	1.918E-03	5.540E-03	3.789E-03	5.950E-03
7.965E-01	5.574E-03	1.956E-03	1.888E-03	5.508E-03	3.685E-03	5.913E-03
7.975E-01	5.442E-03	1.965E-03	1.859E-03	5.476E-03	3.583E-03	5.875E-03
7.985E-01	5.312E-03	1.974E-03	1.829E-03	5.445E-03	3.483E-03	5.837E-03
7.995E-01	5.184E-03	1.982E-03	1.800E-03	5.413E-03	3.384E-03	5.799E-03
8.005E-01	5.057E-03	1.991E-03	1.770E-03	5.381E-03	3.287E-03	5.760E-03
8.015E-01	4.933E-03	1.999E-03	1.741E-03	5.350E-03	3.192E-03	5.721E-03
8.025E-01	4.810E-03	2.006E-03	1.711E-03	5.318E-03	3.099E-03	5.682E-03
8.035E-01	4.689E-03	2.014E-03	1.682E-03	5.287E-03	3.007E-03	5.642E-03
8.045E-01	4.570E-03	2.022E-03	1.652E-03	5.255E-03	2.918E-03	5.602E-03
8.055E-01	4.453E-03	2.029E-03	1.623E-03	5.224E-03	2.830E-03	5.563E-03
8.065E-01	4.337E-03	2.037E-03	1.594E-03	5.193E-03	2.743E-03	5.523E-03
8.075E-01	4.223E-03	2.045E-03	1.565E-03	5.161E-03	2.658E-03	5.483E-03
8.085E-01	4.111E-03	2.052E-03	1.536E-03	5.130E-03	2.575E-03	5.443E-03
8.095E-01	4.000E-03	2.060E-03	1.507E-03	5.100E-03	2.494E-03	5.403E-03
8.105E-01	3.891E-03	2.068E-03	1.478E-03	5.069E-03	2.414E-03	5.363E-03
8.115E-01	3.784E-03	2.076E-03	1.449E-03	5.038E-03	2.335E-03	5.323E-03
8.125E-01	3.678E-03	2.084E-03	1.420E-03	5.008E-03	2.258E-03	5.284E-03
8.135E-01	3.575E-03	2.092E-03	1.392E-03	4.977E-03	2.183E-03	5.245E-03
8.145E-01	3.472E-03	2.100E-03	1.364E-03	4.947E-03	2.109E-03	5.206E-03
8.155E-01	3.372E-03	2.108E-03	1.336E-03	4.917E-03	2.036E-03	5.167E-03
8.165E-01	3.273E-03	2.116E-03	1.308E-03	4.887E-03	1.965E-03	5.129E-03
8.175E-01	3.175E-03	2.124E-03	1.280E-03	4.858E-03	1.895E-03	5.090E-03
8.185E-01	3.079E-03	2.132E-03	1.252E-03	4.828E-03	1.827E-03	5.051E-03
8.195E-01	2.985E-03	2.141E-03	1.224E-03	4.799E-03	1.761E-03	5.012E-03
8.205E-01	2.893E-03	2.149E-03	1.197E-03	4.769E-03	1.696E-03	4.973E-03
8.215E-01	2.802E-03	2.158E-03	1.169E-03	4.740E-03	1.633E-03	4.934E-03
8.225E-01	2.713E-03	2.167E-03	1.142E-03	4.711E-03	1.571E-03	4.896E-03
8.235E-01	2.626E-03	2.177E-03	1.114E-03	4.682E-03	1.511E-03	4.857E-03
8.245E-01	2.540E-03	2.186E-03	1.087E-03	4.654E-03	1.453E-03	4.819E-03
8.255E-01	2.456E-03	2.195E-03	1.060E-03	4.625E-03	1.395E-03	4.781E-03
8.265E-01	2.373E-03	2.205E-03	1.033E-03	4.597E-03	1.340E-03	4.743E-03
8.275E-01	2.292E-03	2.214E-03	1.007E-03	4.569E-03	1.285E-03	4.705E-03
8.285E-01	2.213E-03	2.223E-03	9.804E-04	4.541E-03	1.232E-03	4.668E-03
8.295E-01	2.135E-03	2.232E-03	9.543E-04	4.512E-03	1.180E-03	4.631E-03
8.305E-01	2.059E-03	2.241E-03	9.285E-04	4.484E-03	1.130E-03	4.594E-03
8.315E-01	1.984E-03	2.249E-03	9.029E-04	4.456E-03	1.081E-03	4.557E-03
8.325E-01	1.911E-03	2.257E-03	8.777E-04	4.428E-03	1.033E-03	4.520E-03
8.335E-01	1.840E-03	2.264E-03	8.528E-04	4.399E-03	9.868E-04	4.482E-03
8.345E-01	1.770E-03	2.270E-03	8.283E-04	4.370E-03	9.414E-04	4.445E-03
8.355E-01	1.702E-03	2.275E-03	8.040E-04	4.341E-03	8.975E-04	4.407E-03
8.365E-01	1.635E-03	2.280E-03	7.800E-04	4.311E-03	8.551E-04	4.368E-03
8.375E-01	1.571E-03	2.283E-03	7.562E-04	4.282E-03	8.143E-04	4.329E-03
8.385E-01	1.508E-03	2.287E-03	7.326E-04	4.251E-03	7.750E-04	4.289E-03
8.395E-01	1.446E-03	2.289E-03	7.092E-04	4.221E-03	7.372E-04	4.249E-03
8.405E-01	1.387E-03	2.291E-03	6.860E-04	4.191E-03	7.007E-04	4.208E-03
8.415E-01	1.329E-03	2.293E-03	6.631E-04	4.160E-03	6.656E-04	4.166E-03
8.425E-01	1.272E-03	2.294E-03	6.404E-04	4.129E-03	6.318E-04	4.124E-03
8.435E-01	1.217E-03	2.294E-03	6.180E-04	4.098E-03	5.991E-04	4.081E-03
8.445E-01	1.164E-03	2.294E-03	5.959E-04	4.067E-03	5.677E-04	4.038E-03
8.455E-01	1.111E-03	2.294E-03	5.741E-04	4.035E-03	5.373E-04	3.995E-03
8.465E-01	1.061E-03	2.293E-03	5.526E-04	4.004E-03	5.080E-04	3.951E-03
8.475E-01	1.011E-03	2.292E-03	5.314E-04	3.973E-03	4.797E-04	3.907E-03
8.485E-01	9.628E-04	2.290E-03	5.105E-04	3.941E-03	4.524E-04	3.863E-03
8.495E-01	9.158E-04	2.288E-03	4.899E-04	3.909E-03	4.259E-04	3.819E-03
8.505E-01	8.700E-04	2.286E-03	4.697E-04	3.878E-03	4.003E-04	3.774E-03
8.515E-01	8.253E-04	2.283E-03	4.498E-04	3.846E-03	3.755E-04	3.730E-03
8.525E-01	7.817E-04	2.281E-03	4.303E-04	3.815E-03	3.514E-04	3.685E-03
8.535E-01	7.392E-04	2.277E-03	4.111E-04	3.783E-03	3.280E-04	3.641E-03
8.545E-01	6.982E-04	2.274E-03	3.922E-04	3.751E-03	3.060E-04	3.596E-03
8.555E-01	6.589E-04	2.269E-03	3.734E-04	3.719E-03	2.854E-04	3.550E-03
8.565E-01	6.210E-04	2.265E-03	3.549E-04	3.687E-03	2.661E-04	3.503E-03
8.575E-01	5.846E-04	2.260E-03	3.366E-04	3.654E-03	2.480E-04	3.455E-03
8.585E-01	5.495E-04	2.255E-03	3.186E-04	3.622E-03	2.309E-04	3.407E-03
8.595E-01	5.157E-04	2.249E-03	3.008E-04	3.589E-03	2.149E-04	3.358E-03
8.605E-01	4.832E-04	2.243E-03	2.834E-04	3.556E-03	1.998E-04	3.309E-03
8.615E-01	4.519E-04	2.237E-03	2.664E-04	3.524E-03	1.855E-04	3.260E-03
8.625E-01	4.217E-04	2.231E-03	2.496E-04	3.491E-03	1.720E-04	3.212E-03
8.635E-01	3.925E-04	2.224E-03	2.333E-04	3.459E-03	1.592E-04	3.163E-03
8.645E-01	3.643E-04	2.218E-03	2.174E-04	3.426E-03	1.469E-04	3.114E-03
8.655E-01	3.370E-04	2.211E-03	2.019E-04	3.393E-03	1.351E-04	3.066E-03
8.665E-01	3.106E-04	2.203E-03	1.869E-04	3.361E-03	1.238E-04	3.019E-03
8.675E-01	2.850E-04	2.196E-03	1.723E-04	3.328E-03	1.127E-04	2.972E-03
8.685E-01	2.601E-04	2.187E-03	1.582E-04	3.296E-03	1.019E-04	2.925E-03
8.695E-01	2.359E-04	2.179E-03	1.447E-04	3.263E-03	9.123E-05	2.880E-03
8.705E-01	2.123E-04	2.170E-03	1.317E-04	3.231E-03	8.063E-05	2.835E-03
8.715E-01	1.893E-04	2.160E-03	1.193E-04	3.198E-03	7.002E-05	2.791E-03
8.725E-01	1.671E-04	2.149E-03	1.074E-04	3.165E-03	5.970E-05	2.748E-03
8.735E-01	1.460E-04	2.138E-03	9.605E-05	3.132E-03	4.992E-05	2.705E-03
8.745E-01	1.259E-04	2.126E-03	8.521E-05	3.098E-03	4.065E-05	2.662E-03
8.755E-01	1.067E-04	2.113E-03	7.487E-05	3.064E-03	3.188E-05	2.619E-03
8.765E-01	8.857E-05	2.099E-03	6.500E-05	3.030E-03	2.357E-05	2.577E-03
8.775E-01	7.129E-05	2.084E-03	5.559E-05	2.996E-03	1.570E-05	2.535E-03
8.785E-01	5.486E-05	2.069E-03	4.662E-05	2.961E-03	8.249E-06	2.493E-03
8.795E-01	3.925E-05	2.053E-03	3.806E-05	2.926E-03	1.191E-06	2.451E-03
8.805E-01	2.442E-05	2.037E-03	2.991E-05	2.891E-03	-5.496E-06	2.410E-03
8.815E-01	1.031E-05	2.020E-03	2.215E-05	2.855E-03	-1.184E-05	2.368E-03
8.825E-01	-3.105E-06	2.003E-03	1.475E-05	2.820E-03	-1.786E-05	2.327E-03
8.835E-01	-1.587E-05	1.985E-03	7.707E-06	2.784E-03	-2.358E-05	2.287E-03
8.845E-01	-2.803E-05	1.967E-03	9.940E-07	2.748E-03	-2.902E-05	2.247E-03
8.855E-01	-3.962E-05	1.948E-03	-5.402E-06	2.712E-03	-3.422E-05	2.207E-03
8.865E-01	-5.068E-05	1.929E-03	-1.150E-05	2.677E-03	-3.918E-05	2.167E-03
8.875E-01	-6.125E-05	1.909E-03	-1.731E-05	2.641E-03	-4.393E-05	2.128E-03
8.885E-01	-7.137E-05	1.890E-03	-2.286E-05	2.605E-03	-4.851E-05	2.090E-03
8.895E-01	-8.108E-05	1.870E-03	-2.817E-05	2.569E-03	-5.291E-05	2.051E-03
8.905E-01	-9.027E-05	1.850E-03	-3.315E-05	2.533E-03	-5.711E-05	2.013E-03
8.915E-01	-9.855E-05	1.828E-03	-3.763E-05	2.496E-03	-6.092E-05	1.975E-03
8.925E-01	-1.060E-04	1.806E-03	-4.161E-05	2.459E-03	-6.436E-05	1.938E-03
8.935E-01	-1.126E-04	1.783E-03	-4.514E-05	2.422E-03	-6.744E-05	1.900E-03
8.945E-01	-1.185E-04	1.759E-03	-4.826E-05	2.384E-03	-7.019E-05	1.862E-03
8.955E-01	-1.237E-04	1.735E-03	-5.101E-05	2.346E-03	-7.265E-05	1.825E-03
8.965E-01	-1.282E-04	1.710E-03	-5.341E-05	2.308E-03	-7.483E-05	1.788E-03
8.975E-01	-1.323E-04	1.685E-03	-5.552E-05	2.270E-03	-7.676E-05	1.751E-03
8.985E-01	-1.358E-04	1.660E-03	-5.736E-05	2.232E-03	-7.846E-05	1.714E-03
8.995E-01	-1.389E-04	1.634E-03	-5.897E-05	2.194E-03	-7.995E-05	1.678E-03
9.005E-01	-1.417E-04	1.608E-03	-6.040E-05	2.156E-03	-8.127E-05	1.642E-03
9.015E-01	-1.441E-04	1.583E-03	-6.167E-05	2.118E-03	-8.243E-05	1.606E-03
9.025E-01	-1.463E-04	1.557E-03	-6.283E-05	2.080E-03	-8.347E-05	1.571E-03
9.035E-01	-1.483E-04	1.532E-03	-6.390E-05	2.043E-03	-8.439E-05	1.536E-03
9.045E-01	-1.502E-04	1.506E-03	-6.493E-05	2.006E-03	-8.523E-05	1.501E-03
9.055E-01	-1.520E-04	1.481E-03	-6.594E-05	1.969E-03	-8.601E-05	1.468E-03
9.065E-01	-1.537E-04	1.457E-03	-6.699E-05	1.933E-03	-8.675E-05	1.434E-03
9.075E-01	-1.556E-04	1.433E-03	-6.809E-05	1.897E-03	-8.747E-05	1.401E-03
9.085E-01	-1.575E-04	1.409E-03	-6.927E-05	1.862E-03	-8.820E-05	1.369E-03
9.095E-01	-1.592E-04	1.386E-03	-7.037E-05	1.828E-03	-8.879E-05	1.338E-03
9.105E-01	-1.606E-04	1.362E-03	-7.134E-05	1.793E-03	-8.921E-05	1.306E-03
9.115E-01	-1.617E-04	1.339E-03	-7.218E-05	1.758E-03	-8.949E-05	1.275E-03
9.125E-01	-1.625E-04	1.315E-03	-7.290E-05	1.724E-03	-8.961E-05	1.245E-03
9.135E-01	-1.631E-04	1.292E-03	-7.351E-05	1.690E-03	-8.961E-05	1.214E-03
9.145E-01	-1.635E-04	1.268E-03	-7.402E-05	1.656E-03	-8.947E-05	1.185E-03
9.155E-01	-1.637E-04	1.244E-03	-7.443E-05	1.622E-03	-8.923E-05	1.155E-03
9.165E-01	-1.636E-04	1.221E-03	-7.476E-05	1.588E-03	-8.888E-05	1.126E-03
9.175E-01	-1.634E-04	1.197E-03	-7.500E-05	1.555E-03	-8.843E-05	1.097E-03
9.185E-01	-1.631E-04	1.174E-03	-7.517E-05	1.522E-03	-8.789E-05	1.069E-03
9.195E-01	-1.626E-04	1.151E-03	-7.527E-05	1.489E-03	-8.729E-05	1.041E-03
9.205E-01	-1.619E-04	1.128E-03	-7.531E-05	1.456E-03	-8.661E-05	1.013E-03
9.215E-01	-1.612E-04	1.105E-03	-7.530E-05	1.424E-03	-8.588E-05	9.863E-04
9.225E-01	-1.603E-04	1.082E-03	-7.524E-05	1.392E-03	-8.509E-05	9.595E-04
9.235E-01	-1.594E-04	1.060E-03	-7.514E-05	1.360E-03	-8.427E-05	9.332E-04
9.245E-01	-1.584E-04	1.037E-03	-7.501E-05	1.329E-03	-8.342E-05	9.073E-04
9.255E-01	-1.574E-04	1.015E-03	-7.485E-05	1.298E-03	-8.255E-05	8.818E-04
9.265E-01	-1.564E-04	9.933E-04	-7.468E-05	1.268E-03	-8.167E-05	8.568E-04
9.275E-01	-1.552E-04	9.715E-04	-7.446E-05	1.237E-03	-8.074E-05	8.322E-04
9.285E-01	-1.539E-04	9.497E-04	-7.417E-05	1.207E-03	-7.969E-05	8.079E-04
9.295E-01	-1.524E-04	9.279E-04	-7.382E-05	1.177E-03	-7.855E-05	7.839E-04
9.305E-01	-1.507E-04	9.061E-04	-7.340E-05	1.147E-03	-7.732E-05	7.603E-04
9.315E-01	-1.489E-04	8.844E-04	-7.292E-05	1.118E-03	-7.601E-05	7.370E-04
9.325E-01	-1.470E-04	8.627E-04	-7.239E-05	1.089E-03	-7.464E-05	7.140E-04
9.335E-01	-1.450E-04	8.411E-04	-7.180E-05	1.059E-03	-7.320E-05	6.915E-04
9.345E-01	-1.429E-04	8.196E-04	-7.116E-05	1.031E-03	-7.172E-05	6.693E-04
9.355E-01	-1.407E-04	7.983E-04	-7.047E-05	1.002E-03	-7.020E-05	6.474E-04
9.365E-01	-1.384E-04	7.771E-04	-6.974E-05	9.738E-04	-6.864E-05	6.260E-04
9.375E-01	-1.360E-04	7.562E-04	-6.898E-05	9.460E-04	-6.707E-05	6.049E-04
9.385E-01	-1.337E-04	7.354E-04	-6.817E-05	9.185E-04	-6.549E-05	5.843E-04
9.395E-01	-1.312E-04	7.150E-04	-6.733E-05	8.915E-04	-6.390E-05	5.640E-04
9.405E-01	-1.288E-04	6.948E-04	-6.646E-05	8.648E-04	-6.232E-05	5.442E-04
9.415E-01	-1.263E-04	6.750E-04	-6.556E-05	8.386E-04	-6.076E-05	5.249E-04
9.425E-01	-1.239E-04	6.555E-04	-6.464E-05	8.129E-04	-5.922E-05	5.059E-04
9.435E-01	-1.214E-04	6.363E-04	-6.370E-05	7.877E-04	-5.772E-05	4.874E-04
9.445E-01	-1.190E-04	6.176E-04	-6.274E-05	7.630E-04	-5.626E-05	4.694E-04
9.455E-01	-1.166E-04	5.992E-04	-6.176E-05	7.389E-04	-5.484E-05	4.519E-04
9.465E-01	-1.141E-04	5.810E-04	-6.073E-05	7.151E-04	-5.341E-05	4.348E-04
9.475E-01	-1.116E-04	5.631E-04	-5.964E-05	6.917E-04	-5.196E-05	4.181E-04
9.485E-01	-1.090E-04	5.453E-04	-5.851E-05	6.686E-04	-5.051E-05	4.019E-04
9.495E-01	-1.064E-04	5.278E-04	-5.733E-05	6.459E-04	-4.904E-05	3.860E-04
9.505E-01	-1.037E-04	5.105E-04	-5.612E-05	6.236E-04	-4.757E-05	3.706E-04
9.515E-01	-1.010E-04	4.934E-04	-5.487E-05	6.017E-04	-4.610E-05	3.556E-04
9.525E-01	-9.823E-05	4.766E-04	-5.359E-05	5.801E-04	-4.464E-05	3.409E-04
9.535E-01	-9.546E-05	4.600E-04	-5.229E-05	5.590E-04	-4.317E-05	3.266E-04
9.545E-01	-9.268E-05	4.436E-04	-5.097E-05	5.382E-04	-4.172E-05	3.128E-04
9.555E-01	-8.990E-05	4.276E-04	-4.962E-05	5.178E-04	-4.027E-05	2.992E-04
9.565E-01	-8.711E-05	4.117E-04	-4.827E-05	4.978E-04	-3.884E-05	2.861E-04
9.575E-01	-8.433E-05	3.962E-04	-4.690E-05	4.782E-04	-3.743E-05	2.733E-04
9.585E-01	-8.157E-05	3.809E-04	-4.554E-05	4.589E-04	-3.604E-05	2.608E-04
9.595E-01	-7.883E-05	3.659E-04	-4.417E-05	4.401E-04	-3.467E-05	2.487E-04
9.605E-01	-7.612E-05	3.512E-04	-4.280E-05	4.217E-04	-3.332E-05	2.369E-04
9.615E-01	-7.345E-05	3.368E-04	-4.144E-05	4.037E-04	-3.201E-05	2.255E-04
9.625E-01	-7.082E-05	3.228E-04	-4.010E-05	3.861E-04	-3.072E-05	2.144E-04
9.635E-01	-6.824E-05	3.090E-04	-3.876E-05	3.690E-04	-2.947E-05	2.036E-04
9.645E-01	-6.564E-05	2.955E-04	-3.740E-05	3.522E-04	-2.824E-05	1.932E-04
9.655E-01	-6.302E-05	2.822E-04	-3.600E-05	3.358E-04	-2.702E-05	1.833E-04
9.665E-01	-6.038E-05	2.691E-04	-3.457E-05	3.197E-04	-2.581E-05	1.737E-04
9.675E-01	-5.772E-05	2.562E-04	-3.311E-05	3.040E-04	-2.461E-05	1.646E-04
9.685E-01	-5.506E-05	2.436E-04	-3.163E-05	2.887E-04	-2.343E-05	1.557E-04
9.695E-01	-5.240E-05	2.312E-04	-3.014E-05	2.738E-04	-2.226E-05	1.473E-04
9.705E-01	-4.976E-05	2.190E-04	-2.865E-05	2.592E-04	-2.111E-05	1.392E-04
9.715E-01	-4.714E-05	2.071E-04	-2.715E-05	2.450E-04	-1.999E-05	1.313E-04
9.725E-01	-4.455E-05	1.955E-04	-2.567E-05	2.312E-04	-1.888E-05	1.238E-04
9.735E-01	-4.200E-05	1.841E-04	-2.420E-05	2.177E-04	-1.780E-05	1.165E-04
9.745E-01	-3.950E-05	1.731E-04	-2.275E-05	2.046E-04	-1.675E-05	1.095E-04
9.755E-01	-3.705E-05	1.623E-04	-2.133E-05	1.919E-04	-1.572E-05	1.028E-04
9.765E-01	-3.467E-05	1.519E-04	-1.995E-05	1.796E-04	-1.472E-05	9.624E-05
9.775E-01	-3.236E-05	1.418E-04	-1.861E-05	1.677E-04	-1.375E-05	8.991E-05
9.785E-01	-3.013E-05	1.320E-04	-1.732E-05	1.561E-04	-1.282E-05	8.377E-05
9.795E-01	-2.799E-05	1.226E-04	-1.608E-05	1.450E-04	-1.191E-05	7.780E-05
9.805E-01	-2.595E-05	1.135E-04	-1.490E-05	1.342E-04	-1.104E-05	7.199E-05
9.815E-01	-2.401E-05	1.048E-04	-1.380E-05	1.238E-04	-1.021E-05	6.632E-05
9.825E-01	-2.219E-05	9.657E-05	-1.276E-05	1.140E-04	-9.425E-06	6.089E-05
9.835E-01	-2.048E-05	8.890E-05	-1.179E-05	1.049E-04	-8.690E-06	5.587E-05
9.845E-01	-1.888E-05	8.175E-05	-1.088E-05	9.634E-05	-8.002E-06	5.123E-05
9.855E-01	-1.737E-05	7.506E-05	-1.001E-05	8.841E-05	-7.357E-06	4.692E-05
9.865E-01	-1.595E-05	6.880E-05	-9.201E-06	8.098E-05	-6.750E-06	4.291E-05
9.875E-01	-1.461E-05	6.290E-05	-8.429E-06	7.400E-05	-6.177E-06	3.916E-05
9.885E-01	-1.333E-05	5.732E-05	-7.693E-06	6.742E-05	-5.632E-06	3.564E-05
9.895E-01	-1.210E-05	5.201E-05	-6.986E-06	6.115E-05	-5.112E-06	3.230E-05
9.905E-01	-1.092E-05	4.691E-05	-6.304E-06	5.516E-05	-4.612E-06	2.913E-05
9.915E-01	-9.769E-06	4.198E-05	-5.642E-06	4.936E-05	-4.128E-06	2.607E-05
9.925E-01	-8.646E-06	3.717E-05	-4.992E-06	4.371E-05	-3.654E-06	2.310E-05
9.935E-01	-7.537E-06	3.243E-05	-4.350E-06	3.815E-05	-3.186E-06	2.018E-05
9.945E-01	-6.432E-06	2.772E-05	-3.711E-06	3.261E-05	-2.721E-06	1.727E-05
9.955E-01	-5.322E-06	2.297E-05	-3.069E-06	2.704E-05	-2.253E-06	1.434E-05
9.965E-01	-4.197E-06	1.815E-05	-2.419E-06	2.138E-05	-1.778E-06	1.136E-05
9.975E-01	-3.047E-06	1.321E-05	-1.755E-06	1.557E-05	-1.292E-06	8.286E-06
9.985E-01	-1.862E-06	8.093E-06	-1.072E-06	9.548E-06	-7.906E-07	5.093E-06
9.995E-01	-6.337E-07	2.762E-06	-3.644E-07	3.261E-06	-2.694E-07	1.744E-06
