NNPDF30_nlo_as_0118	1.00 GeV^2
x  xs-  delta_xs-
1.000000E-04  -1.893828E-03  4.124316E-03
1.009253E-04  -1.900201E-03  4.129856E-03
1.018591E-04  -1.906589E-03  4.135370E-03
1.028016E-04  -1.912993E-03  4.140865E-03
1.037528E-04  -1.919420E-03  4.146381E-03
1.047129E-04  -1.925870E-03  4.151924E-03
1.056818E-04  -1.932342E-03  4.157492E-03
1.066596E-04  -1.938837E-03  4.163083E-03
1.076465E-04  -1.945354E-03  4.168695E-03
1.086426E-04  -1.951891E-03  4.174324E-03
1.096478E-04  -1.958449E-03  4.179969E-03
1.106624E-04  -1.965027E-03  4.185627E-03
1.116863E-04  -1.971623E-03  4.191295E-03
1.127197E-04  -1.978239E-03  4.196972E-03
1.137627E-04  -1.984872E-03  4.202655E-03
1.148154E-04  -1.991523E-03  4.208341E-03
1.158777E-04  -1.998191E-03  4.214027E-03
1.169499E-04  -2.004876E-03  4.219712E-03
1.180321E-04  -2.011576E-03  4.225393E-03
1.191242E-04  -2.018291E-03  4.231068E-03
1.202264E-04  -2.025020E-03  4.236733E-03
1.213389E-04  -2.031764E-03  4.242386E-03
1.224616E-04  -2.038521E-03  4.248025E-03
1.235947E-04  -2.045291E-03  4.253647E-03
1.247384E-04  -2.052074E-03  4.259250E-03
1.258925E-04  -2.058868E-03  4.264830E-03
1.270574E-04  -2.065673E-03  4.270386E-03
1.282331E-04  -2.072488E-03  4.275914E-03
1.294196E-04  -2.079314E-03  4.281413E-03
1.306171E-04  -2.086149E-03  4.286879E-03
1.318257E-04  -2.092993E-03  4.292310E-03
1.330454E-04  -2.099845E-03  4.297703E-03
1.342765E-04  -2.106704E-03  4.303056E-03
1.355189E-04  -2.113571E-03  4.308366E-03
1.367729E-04  -2.120444E-03  4.313631E-03
1.380384E-04  -2.127323E-03  4.318847E-03
1.393157E-04  -2.134208E-03  4.324013E-03
1.406048E-04  -2.141097E-03  4.329126E-03
1.419058E-04  -2.147990E-03  4.334183E-03
1.432188E-04  -2.154887E-03  4.339182E-03
1.445440E-04  -2.161787E-03  4.344120E-03
1.458814E-04  -2.168689E-03  4.348995E-03
1.472313E-04  -2.175593E-03  4.353804E-03
1.485936E-04  -2.182498E-03  4.358546E-03
1.499685E-04  -2.189415E-03  4.363270E-03
1.513561E-04  -2.196352E-03  4.368014E-03
1.527566E-04  -2.203307E-03  4.372775E-03
1.541700E-04  -2.210279E-03  4.377549E-03
1.555966E-04  -2.217268E-03  4.382333E-03
1.570363E-04  -2.224273E-03  4.387125E-03
1.584893E-04  -2.231293E-03  4.391920E-03
1.599558E-04  -2.238327E-03  4.396715E-03
1.614359E-04  -2.245374E-03  4.401507E-03
1.629296E-04  -2.252434E-03  4.406294E-03
1.644372E-04  -2.259505E-03  4.411070E-03
1.659587E-04  -2.266586E-03  4.415835E-03
1.674943E-04  -2.273677E-03  4.420583E-03
1.690441E-04  -2.280778E-03  4.425313E-03
1.706082E-04  -2.287886E-03  4.430020E-03
1.721869E-04  -2.295001E-03  4.434702E-03
1.737801E-04  -2.302123E-03  4.439355E-03
1.753881E-04  -2.309250E-03  4.443976E-03
1.770109E-04  -2.316381E-03  4.448563E-03
1.786488E-04  -2.323517E-03  4.453112E-03
1.803018E-04  -2.330655E-03  4.457619E-03
1.819701E-04  -2.337795E-03  4.462082E-03
1.836538E-04  -2.344935E-03  4.466498E-03
1.853532E-04  -2.352077E-03  4.470865E-03
1.870682E-04  -2.359217E-03  4.475178E-03
1.887991E-04  -2.366356E-03  4.479435E-03
1.905461E-04  -2.373492E-03  4.483633E-03
1.923092E-04  -2.380626E-03  4.487770E-03
1.940886E-04  -2.387755E-03  4.491843E-03
1.958845E-04  -2.394879E-03  4.495849E-03
1.976970E-04  -2.401997E-03  4.499785E-03
1.995262E-04  -2.409108E-03  4.503650E-03
2.013724E-04  -2.416212E-03  4.507440E-03
2.032357E-04  -2.423307E-03  4.511154E-03
2.051162E-04  -2.430393E-03  4.514789E-03
2.070141E-04  -2.437469E-03  4.518343E-03
2.089296E-04  -2.444533E-03  4.521814E-03
2.108628E-04  -2.451586E-03  4.525199E-03
2.128139E-04  -2.458625E-03  4.528498E-03
2.147830E-04  -2.465651E-03  4.531709E-03
2.167704E-04  -2.472662E-03  4.534838E-03
2.187762E-04  -2.479658E-03  4.537911E-03
2.208005E-04  -2.486638E-03  4.540934E-03
2.228435E-04  -2.493604E-03  4.543912E-03
2.249055E-04  -2.500557E-03  4.546848E-03
2.269865E-04  -2.507499E-03  4.549746E-03
2.290868E-04  -2.514429E-03  4.552610E-03
2.312065E-04  -2.521350E-03  4.555444E-03
2.333458E-04  -2.528261E-03  4.558251E-03
2.355049E-04  -2.535165E-03  4.561036E-03
2.376840E-04  -2.542061E-03  4.563802E-03
2.398833E-04  -2.548952E-03  4.566553E-03
2.421029E-04  -2.555837E-03  4.569292E-03
2.443431E-04  -2.562719E-03  4.572023E-03
2.466039E-04  -2.569598E-03  4.574749E-03
2.488857E-04  -2.576474E-03  4.577474E-03
2.511886E-04  -2.583350E-03  4.580202E-03
2.535129E-04  -2.590226E-03  4.582934E-03
2.558586E-04  -2.597103E-03  4.585676E-03
2.582260E-04  -2.603981E-03  4.588429E-03
2.606154E-04  -2.610863E-03  4.591196E-03
2.630268E-04  -2.617749E-03  4.593981E-03
2.654606E-04  -2.624640E-03  4.596786E-03
2.679168E-04  -2.631536E-03  4.599614E-03
2.703958E-04  -2.638440E-03  4.602468E-03
2.728978E-04  -2.645352E-03  4.605349E-03
2.754229E-04  -2.652273E-03  4.608260E-03
2.779713E-04  -2.659204E-03  4.611204E-03
2.805434E-04  -2.666146E-03  4.614181E-03
2.831392E-04  -2.673100E-03  4.617195E-03
2.857591E-04  -2.680067E-03  4.620247E-03
2.884032E-04  -2.687047E-03  4.623339E-03
2.910717E-04  -2.694043E-03  4.626472E-03
2.937650E-04  -2.701055E-03  4.629648E-03
2.964831E-04  -2.708084E-03  4.632869E-03
2.992265E-04  -2.715131E-03  4.636134E-03
3.019952E-04  -2.722197E-03  4.639446E-03
3.047895E-04  -2.729283E-03  4.642805E-03
3.076097E-04  -2.736390E-03  4.646212E-03
3.104560E-04  -2.743519E-03  4.649668E-03
3.133286E-04  -2.750670E-03  4.653175E-03
3.162278E-04  -2.757826E-03  4.656754E-03
3.191538E-04  -2.764982E-03  4.660415E-03
3.221069E-04  -2.772138E-03  4.664159E-03
3.250873E-04  -2.779295E-03  4.667987E-03
3.280953E-04  -2.786454E-03  4.671898E-03
3.311311E-04  -2.793616E-03  4.675895E-03
3.341950E-04  -2.800782E-03  4.679976E-03
3.372873E-04  -2.807953E-03  4.684142E-03
3.404082E-04  -2.815129E-03  4.688393E-03
3.435579E-04  -2.822312E-03  4.692729E-03
3.467369E-04  -2.829502E-03  4.697148E-03
3.499452E-04  -2.836701E-03  4.701652E-03
3.531832E-04  -2.843908E-03  4.706238E-03
3.564511E-04  -2.851126E-03  4.710905E-03
3.597493E-04  -2.858355E-03  4.715653E-03
3.630781E-04  -2.865596E-03  4.720480E-03
3.664376E-04  -2.872849E-03  4.725385E-03
3.698282E-04  -2.880116E-03  4.730366E-03
3.732502E-04  -2.887398E-03  4.735420E-03
3.767038E-04  -2.894695E-03  4.740546E-03
3.801894E-04  -2.902009E-03  4.745742E-03
3.837072E-04  -2.909340E-03  4.751004E-03
3.872576E-04  -2.916688E-03  4.756330E-03
3.908409E-04  -2.924056E-03  4.761718E-03
3.944573E-04  -2.931444E-03  4.767165E-03
3.981072E-04  -2.938853E-03  4.772666E-03
4.017908E-04  -2.946284E-03  4.778219E-03
4.055085E-04  -2.953737E-03  4.783821E-03
4.092607E-04  -2.961213E-03  4.789467E-03
4.130475E-04  -2.968715E-03  4.795154E-03
4.168694E-04  -2.976241E-03  4.800878E-03
4.207266E-04  -2.983793E-03  4.806635E-03
4.246196E-04  -2.991373E-03  4.812421E-03
4.285485E-04  -2.998981E-03  4.818231E-03
4.325138E-04  -3.006617E-03  4.824061E-03
4.365158E-04  -3.014284E-03  4.829907E-03
4.405549E-04  -3.021981E-03  4.835764E-03
4.446313E-04  -3.029709E-03  4.841626E-03
4.487454E-04  -3.037471E-03  4.847491E-03
4.528976E-04  -3.045265E-03  4.853351E-03
4.570882E-04  -3.053090E-03  4.859276E-03
4.613176E-04  -3.060938E-03  4.865376E-03
4.655861E-04  -3.068809E-03  4.871646E-03
4.698941E-04  -3.076704E-03  4.878075E-03
4.742420E-04  -3.084621E-03  4.884654E-03
4.786301E-04  -3.092562E-03  4.891373E-03
4.830588E-04  -3.100526E-03  4.898222E-03
4.875285E-04  -3.108513E-03  4.905193E-03
4.920395E-04  -3.116522E-03  4.912274E-03
4.965923E-04  -3.124554E-03  4.919457E-03
5.011872E-04  -3.132609E-03  4.926732E-03
5.058247E-04  -3.140686E-03  4.934089E-03
5.105050E-04  -3.148786E-03  4.941518E-03
5.152286E-04  -3.156908E-03  4.949009E-03
5.199960E-04  -3.165053E-03  4.956552E-03
5.248075E-04  -3.173219E-03  4.964139E-03
5.296634E-04  -3.181408E-03  4.971758E-03
5.345644E-04  -3.189619E-03  4.979401E-03
5.395106E-04  -3.197852E-03  4.987057E-03
5.445027E-04  -3.206107E-03  4.994717E-03
5.495409E-04  -3.214383E-03  5.002370E-03
5.546257E-04  -3.222682E-03  5.010009E-03
5.597576E-04  -3.231002E-03  5.017622E-03
5.649370E-04  -3.239343E-03  5.025200E-03
5.701643E-04  -3.247706E-03  5.032735E-03
5.754399E-04  -3.256090E-03  5.040216E-03
5.807644E-04  -3.264496E-03  5.047634E-03
5.861382E-04  -3.272923E-03  5.054981E-03
5.915616E-04  -3.281371E-03  5.062246E-03
5.970353E-04  -3.289840E-03  5.069422E-03
6.025596E-04  -3.298330E-03  5.076499E-03
6.081350E-04  -3.306841E-03  5.083469E-03
6.137620E-04  -3.315372E-03  5.090322E-03
6.194411E-04  -3.323925E-03  5.097052E-03
6.251727E-04  -3.332498E-03  5.103649E-03
6.309573E-04  -3.341091E-03  5.110105E-03
6.367955E-04  -3.349705E-03  5.116414E-03
6.426877E-04  -3.358340E-03  5.122566E-03
6.486344E-04  -3.366995E-03  5.128555E-03
6.546362E-04  -3.375670E-03  5.134373E-03
6.606934E-04  -3.384365E-03  5.140047E-03
6.668068E-04  -3.393077E-03  5.145797E-03
6.729767E-04  -3.401807E-03  5.151662E-03
6.792036E-04  -3.410556E-03  5.157630E-03
6.854882E-04  -3.419322E-03  5.163694E-03
6.918310E-04  -3.428107E-03  5.169843E-03
6.982324E-04  -3.436911E-03  5.176067E-03
7.046931E-04  -3.445734E-03  5.182358E-03
7.112135E-04  -3.454576E-03  5.188705E-03
7.177943E-04  -3.463438E-03  5.195100E-03
7.244360E-04  -3.472320E-03  5.201533E-03
7.311391E-04  -3.481223E-03  5.207994E-03
7.379042E-04  -3.490146E-03  5.214475E-03
7.447320E-04  -3.499090E-03  5.220966E-03
7.516229E-04  -3.508055E-03  5.227457E-03
7.585776E-04  -3.517042E-03  5.233940E-03
7.655966E-04  -3.526050E-03  5.240406E-03
7.726806E-04  -3.535081E-03  5.246846E-03
7.798301E-04  -3.544134E-03  5.253250E-03
7.870458E-04  -3.553209E-03  5.259611E-03
7.943282E-04  -3.562308E-03  5.265919E-03
8.016781E-04  -3.571430E-03  5.272165E-03
8.090959E-04  -3.580575E-03  5.278342E-03
8.165824E-04  -3.589745E-03  5.284441E-03
8.241381E-04  -3.598938E-03  5.290454E-03
8.317638E-04  -3.608156E-03  5.296372E-03
8.394600E-04  -3.617399E-03  5.302189E-03
8.472274E-04  -3.626667E-03  5.307896E-03
8.550667E-04  -3.635960E-03  5.313487E-03
8.629785E-04  -3.645279E-03  5.318953E-03
8.709636E-04  -3.654624E-03  5.324289E-03
8.790225E-04  -3.663996E-03  5.329487E-03
8.871560E-04  -3.673393E-03  5.334541E-03
8.953648E-04  -3.682818E-03  5.339444E-03
9.036495E-04  -3.692270E-03  5.344192E-03
9.120108E-04  -3.701749E-03  5.348779E-03
9.204496E-04  -3.711256E-03  5.353198E-03
9.289664E-04  -3.720791E-03  5.357447E-03
9.375620E-04  -3.730354E-03  5.361520E-03
9.462372E-04  -3.739946E-03  5.365413E-03
9.549926E-04  -3.749567E-03  5.369124E-03
9.638290E-04  -3.759241E-03  5.372800E-03
9.727472E-04  -3.768986E-03  5.376572E-03
9.817479E-04  -3.778798E-03  5.380445E-03
9.908319E-04  -3.788673E-03  5.384427E-03
1.000000E-03  -3.798607E-03  5.388525E-03
1.009253E-03  -3.808598E-03  5.392745E-03
1.018591E-03  -3.818641E-03  5.397091E-03
1.028016E-03  -3.828733E-03  5.401570E-03
1.037528E-03  -3.838870E-03  5.406184E-03
1.047129E-03  -3.849048E-03  5.410938E-03
1.056818E-03  -3.859264E-03  5.415834E-03
1.066596E-03  -3.869514E-03  5.420874E-03
1.076465E-03  -3.879794E-03  5.426058E-03
1.086426E-03  -3.890101E-03  5.431386E-03
1.096478E-03  -3.900431E-03  5.436858E-03
1.106624E-03  -3.910781E-03  5.442471E-03
1.116863E-03  -3.921146E-03  5.448223E-03
1.127197E-03  -3.931524E-03  5.454110E-03
1.137627E-03  -3.941910E-03  5.460128E-03
1.148154E-03  -3.952300E-03  5.466271E-03
1.158777E-03  -3.962692E-03  5.472532E-03
1.169499E-03  -3.973082E-03  5.478905E-03
1.180321E-03  -3.983465E-03  5.485382E-03
1.191242E-03  -3.993838E-03  5.491953E-03
1.202264E-03  -4.004198E-03  5.498611E-03
1.213389E-03  -4.014541E-03  5.505344E-03
1.224616E-03  -4.024863E-03  5.512143E-03
1.235947E-03  -4.035160E-03  5.518997E-03
1.247384E-03  -4.045430E-03  5.525894E-03
1.258925E-03  -4.055667E-03  5.532822E-03
1.270574E-03  -4.065869E-03  5.539771E-03
1.282331E-03  -4.076032E-03  5.546728E-03
1.294196E-03  -4.086153E-03  5.553681E-03
1.306171E-03  -4.096227E-03  5.560619E-03
1.318257E-03  -4.106251E-03  5.567529E-03
1.330454E-03  -4.116221E-03  5.574401E-03
1.342765E-03  -4.126134E-03  5.581225E-03
1.355189E-03  -4.135985E-03  5.587989E-03
1.367729E-03  -4.145772E-03  5.594684E-03
1.380384E-03  -4.155491E-03  5.601302E-03
1.393157E-03  -4.165130E-03  5.607835E-03
1.406048E-03  -4.174664E-03  5.614299E-03
1.419058E-03  -4.184097E-03  5.620738E-03
1.432188E-03  -4.193435E-03  5.627195E-03
1.445440E-03  -4.202685E-03  5.633717E-03
1.458814E-03  -4.211854E-03  5.640346E-03
1.472313E-03  -4.220947E-03  5.647125E-03
1.485936E-03  -4.229972E-03  5.654098E-03
1.499685E-03  -4.238935E-03  5.661304E-03
1.513561E-03  -4.247843E-03  5.668784E-03
1.527566E-03  -4.256701E-03  5.676574E-03
1.541700E-03  -4.265517E-03  5.684709E-03
1.555966E-03  -4.274297E-03  5.693225E-03
1.570363E-03  -4.283048E-03  5.702151E-03
1.584893E-03  -4.291776E-03  5.711517E-03
1.599558E-03  -4.300487E-03  5.721348E-03
1.614359E-03  -4.309189E-03  5.731670E-03
1.629296E-03  -4.317887E-03  5.742501E-03
1.644372E-03  -4.326589E-03  5.753862E-03
1.659587E-03  -4.335300E-03  5.765766E-03
1.674943E-03  -4.344028E-03  5.778226E-03
1.690441E-03  -4.352778E-03  5.791251E-03
1.706082E-03  -4.361558E-03  5.804848E-03
1.721869E-03  -4.370373E-03  5.819019E-03
1.737801E-03  -4.379231E-03  5.833766E-03
1.753881E-03  -4.388138E-03  5.849085E-03
1.770109E-03  -4.397100E-03  5.864973E-03
1.786488E-03  -4.406124E-03  5.881419E-03
1.803018E-03  -4.415217E-03  5.898415E-03
1.819701E-03  -4.424384E-03  5.915945E-03
1.836538E-03  -4.433633E-03  5.933996E-03
1.853532E-03  -4.442970E-03  5.952549E-03
1.870682E-03  -4.452402E-03  5.971584E-03
1.887991E-03  -4.461934E-03  5.991079E-03
1.905461E-03  -4.471575E-03  6.011011E-03
1.923092E-03  -4.481329E-03  6.031353E-03
1.940886E-03  -4.491204E-03  6.052080E-03
1.958845E-03  -4.501206E-03  6.073163E-03
1.976970E-03  -4.511342E-03  6.094574E-03
1.995262E-03  -4.521618E-03  6.116282E-03
2.013724E-03  -4.532042E-03  6.138263E-03
2.032357E-03  -4.542640E-03  6.160587E-03
2.051162E-03  -4.553417E-03  6.183296E-03
2.070141E-03  -4.564362E-03  6.206393E-03
2.089296E-03  -4.575466E-03  6.229883E-03
2.108628E-03  -4.586719E-03  6.253766E-03
2.128139E-03  -4.598114E-03  6.278045E-03
2.147830E-03  -4.609639E-03  6.302718E-03
2.167704E-03  -4.621286E-03  6.327784E-03
2.187762E-03  -4.633045E-03  6.353241E-03
2.208005E-03  -4.644908E-03  6.379085E-03
2.228435E-03  -4.656864E-03  6.405311E-03
2.249055E-03  -4.668905E-03  6.431911E-03
2.269865E-03  -4.681021E-03  6.458879E-03
2.290868E-03  -4.693203E-03  6.486206E-03
2.312065E-03  -4.705442E-03  6.513881E-03
2.333458E-03  -4.717728E-03  6.541893E-03
2.355049E-03  -4.730052E-03  6.570230E-03
2.376840E-03  -4.742405E-03  6.598878E-03
2.398833E-03  -4.754777E-03  6.627822E-03
2.421029E-03  -4.767159E-03  6.657047E-03
2.443431E-03  -4.779542E-03  6.686537E-03
2.466039E-03  -4.791916E-03  6.716273E-03
2.488857E-03  -4.804272E-03  6.746238E-03
2.511886E-03  -4.816602E-03  6.776413E-03
2.535129E-03  -4.828894E-03  6.806777E-03
2.558586E-03  -4.841141E-03  6.837312E-03
2.582260E-03  -4.853333E-03  6.867995E-03
2.606154E-03  -4.865460E-03  6.898807E-03
2.630268E-03  -4.877513E-03  6.929725E-03
2.654606E-03  -4.889484E-03  6.960728E-03
2.679168E-03  -4.901362E-03  6.991795E-03
2.703958E-03  -4.913138E-03  7.022903E-03
2.728978E-03  -4.924803E-03  7.054032E-03
2.754229E-03  -4.936348E-03  7.085159E-03
2.779713E-03  -4.947764E-03  7.116264E-03
2.805434E-03  -4.959040E-03  7.147326E-03
2.831392E-03  -4.970168E-03  7.178324E-03
2.857591E-03  -4.981138E-03  7.209240E-03
2.884032E-03  -4.991942E-03  7.240055E-03
2.910717E-03  -5.002570E-03  7.270752E-03
2.937650E-03  -5.013097E-03  7.301557E-03
2.964831E-03  -5.023668E-03  7.332886E-03
2.992265E-03  -5.034279E-03  7.364715E-03
3.019952E-03  -5.044920E-03  7.397012E-03
3.047895E-03  -5.055582E-03  7.429745E-03
3.076097E-03  -5.066258E-03  7.462884E-03
3.104560E-03  -5.076938E-03  7.496398E-03
3.133286E-03  -5.087614E-03  7.530254E-03
3.162278E-03  -5.098277E-03  7.564423E-03
3.191538E-03  -5.108919E-03  7.598871E-03
3.221069E-03  -5.119530E-03  7.633566E-03
3.250873E-03  -5.130102E-03  7.668474E-03
3.280953E-03  -5.140627E-03  7.703560E-03
3.311311E-03  -5.151096E-03  7.738787E-03
3.341950E-03  -5.161500E-03  7.774120E-03
3.372873E-03  -5.171831E-03  7.809519E-03
3.404082E-03  -5.182079E-03  7.844945E-03
3.435579E-03  -5.192237E-03  7.880357E-03
3.467369E-03  -5.202295E-03  7.915713E-03
3.499452E-03  -5.212245E-03  7.950970E-03
3.531832E-03  -5.222079E-03  7.986084E-03
3.564511E-03  -5.231787E-03  8.021010E-03
3.597493E-03  -5.241361E-03  8.055702E-03
3.630781E-03  -5.250792E-03  8.090116E-03
3.664376E-03  -5.260072E-03  8.124203E-03
3.698282E-03  -5.269192E-03  8.157917E-03
3.732502E-03  -5.278144E-03  8.191212E-03
3.767038E-03  -5.286918E-03  8.224041E-03
3.801894E-03  -5.295506E-03  8.256358E-03
3.837072E-03  -5.303900E-03  8.288118E-03
3.872576E-03  -5.312090E-03  8.319277E-03
3.908409E-03  -5.320069E-03  8.349791E-03
3.944573E-03  -5.327827E-03  8.379620E-03
3.981072E-03  -5.335355E-03  8.408724E-03
4.017908E-03  -5.342646E-03  8.437067E-03
4.055085E-03  -5.349691E-03  8.464615E-03
4.092607E-03  -5.356480E-03  8.491335E-03
4.130475E-03  -5.363005E-03  8.517201E-03
4.168694E-03  -5.369258E-03  8.542190E-03
4.207266E-03  -5.375230E-03  8.566281E-03
4.246196E-03  -5.380888E-03  8.589562E-03
4.285485E-03  -5.386046E-03  8.612842E-03
4.325138E-03  -5.390689E-03  8.636326E-03
4.365158E-03  -5.394846E-03  8.660052E-03
4.405549E-03  -5.398543E-03  8.684055E-03
4.446313E-03  -5.401810E-03  8.708369E-03
4.487454E-03  -5.404675E-03  8.733026E-03
4.528976E-03  -5.407164E-03  8.758052E-03
4.570882E-03  -5.409306E-03  8.783472E-03
4.613176E-03  -5.411130E-03  8.809303E-03
4.655861E-03  -5.412662E-03  8.835558E-03
4.698941E-03  -5.413932E-03  8.862246E-03
4.742420E-03  -5.414966E-03  8.889367E-03
4.786301E-03  -5.415794E-03  8.916917E-03
4.830588E-03  -5.416442E-03  8.944882E-03
4.875285E-03  -5.416939E-03  8.973245E-03
4.920395E-03  -5.417313E-03  9.001981E-03
4.965923E-03  -5.417592E-03  9.031056E-03
5.011872E-03  -5.417804E-03  9.060433E-03
5.058247E-03  -5.417977E-03  9.090064E-03
5.105050E-03  -5.418138E-03  9.119898E-03
5.152286E-03  -5.418316E-03  9.149877E-03
5.199960E-03  -5.418539E-03  9.179936E-03
5.248075E-03  -5.418834E-03  9.210004E-03
5.296634E-03  -5.419230E-03  9.240008E-03
5.345644E-03  -5.419755E-03  9.269866E-03
5.395106E-03  -5.420436E-03  9.299496E-03
5.445027E-03  -5.421301E-03  9.328809E-03
5.495409E-03  -5.422380E-03  9.357715E-03
5.546257E-03  -5.423698E-03  9.386120E-03
5.597576E-03  -5.425285E-03  9.413929E-03
5.649370E-03  -5.427169E-03  9.441047E-03
5.701643E-03  -5.429377E-03  9.467376E-03
5.754399E-03  -5.431937E-03  9.492822E-03
5.807644E-03  -5.434878E-03  9.517289E-03
5.861382E-03  -5.438227E-03  9.540684E-03
5.915616E-03  -5.442012E-03  9.562919E-03
5.970353E-03  -5.446261E-03  9.583906E-03
6.025596E-03  -5.451003E-03  9.603567E-03
6.081350E-03  -5.456264E-03  9.621825E-03
6.137620E-03  -5.462074E-03  9.638613E-03
6.194411E-03  -5.468392E-03  9.654324E-03
6.251727E-03  -5.475151E-03  9.669444E-03
6.309573E-03  -5.482333E-03  9.684122E-03
6.367955E-03  -5.489918E-03  9.698508E-03
6.426877E-03  -5.497886E-03  9.712749E-03
6.486344E-03  -5.506218E-03  9.726990E-03
6.546362E-03  -5.514894E-03  9.741371E-03
6.606934E-03  -5.523895E-03  9.756027E-03
6.668068E-03  -5.533201E-03  9.771088E-03
6.729767E-03  -5.542792E-03  9.786676E-03
6.792036E-03  -5.552649E-03  9.802906E-03
6.854882E-03  -5.562752E-03  9.819882E-03
6.918310E-03  -5.573083E-03  9.837701E-03
6.982324E-03  -5.583620E-03  9.856450E-03
7.046931E-03  -5.594345E-03  9.876205E-03
7.112135E-03  -5.605237E-03  9.897031E-03
7.177943E-03  -5.616278E-03  9.918982E-03
7.244360E-03  -5.627448E-03  9.942101E-03
7.311391E-03  -5.638728E-03  9.966418E-03
7.379042E-03  -5.650097E-03  9.991952E-03
7.447320E-03  -5.661536E-03  1.001871E-02
7.516229E-03  -5.673025E-03  1.004669E-02
7.585776E-03  -5.684546E-03  1.007588E-02
7.655966E-03  -5.696077E-03  1.010624E-02
7.726806E-03  -5.707601E-03  1.013775E-02
7.798301E-03  -5.719097E-03  1.017034E-02
7.870458E-03  -5.730545E-03  1.020398E-02
7.943282E-03  -5.741927E-03  1.023859E-02
8.016781E-03  -5.753222E-03  1.027409E-02
8.090959E-03  -5.764411E-03  1.031040E-02
8.165824E-03  -5.775474E-03  1.034744E-02
8.241381E-03  -5.786392E-03  1.038510E-02
8.317638E-03  -5.797145E-03  1.042330E-02
8.394600E-03  -5.807714E-03  1.046191E-02
8.472274E-03  -5.818079E-03  1.050085E-02
8.550667E-03  -5.828220E-03  1.053998E-02
8.629785E-03  -5.838118E-03  1.057922E-02
8.709636E-03  -5.847753E-03  1.061843E-02
8.790225E-03  -5.857106E-03  1.065752E-02
8.871560E-03  -5.866158E-03  1.069638E-02
8.953648E-03  -5.874977E-03  1.073512E-02
9.036495E-03  -5.883881E-03  1.077462E-02
9.120108E-03  -5.892889E-03  1.081512E-02
9.204496E-03  -5.901985E-03  1.085679E-02
9.289664E-03  -5.911155E-03  1.089981E-02
9.375620E-03  -5.920386E-03  1.094433E-02
9.462372E-03  -5.929663E-03  1.099052E-02
9.549926E-03  -5.938972E-03  1.103850E-02
9.638290E-03  -5.948299E-03  1.108839E-02
9.727472E-03  -5.957629E-03  1.114031E-02
9.817479E-03  -5.966949E-03  1.119432E-02
9.908319E-03  -5.976244E-03  1.125050E-02
1.000000E-02  -5.985500E-03  1.130887E-02
1.198397E-02  -6.138704E-03  1.275839E-02
1.396794E-02  -6.172849E-03  1.365453E-02
1.595190E-02  -6.123698E-03  1.412853E-02
1.793587E-02  -6.068260E-03  1.437715E-02
1.991984E-02  -6.073718E-03  1.451180E-02
2.190381E-02  -6.175679E-03  1.497278E-02
2.388778E-02  -6.229624E-03  1.573701E-02
2.587174E-02  -6.141927E-03  1.637915E-02
2.785571E-02  -5.869107E-03  1.651581E-02
2.983968E-02  -5.491594E-03  1.627813E-02
3.182365E-02  -5.046734E-03  1.602582E-02
3.380762E-02  -4.543078E-03  1.592410E-02
3.579158E-02  -3.987934E-03  1.595710E-02
3.777555E-02  -3.387578E-03  1.600278E-02
3.975952E-02  -2.747391E-03  1.591783E-02
4.174349E-02  -2.071992E-03  1.566047E-02
4.372745E-02  -1.369362E-03  1.531517E-02
4.571142E-02  -6.471464E-04  1.495458E-02
4.769539E-02  8.852797E-05  1.462535E-02
4.967936E-02  8.327329E-04  1.434786E-02
5.166333E-02  1.581491E-03  1.412037E-02
5.364729E-02  2.331587E-03  1.392558E-02
5.563126E-02  3.080416E-03  1.373816E-02
5.761523E-02  3.826133E-03  1.353147E-02
5.959920E-02  4.575237E-03  1.329709E-02
6.158317E-02  5.328460E-03  1.307128E-02
6.356713E-02  6.082547E-03  1.288859E-02
6.555110E-02  6.834789E-03  1.277007E-02
6.753507E-02  7.582928E-03  1.272241E-02
6.951904E-02  8.325089E-03  1.273942E-02
7.150301E-02  9.059714E-03  1.280509E-02
7.348697E-02  9.785516E-03  1.289743E-02
7.547094E-02  1.050143E-02  1.299218E-02
7.745491E-02  1.120660E-02  1.306578E-02
7.943888E-02  1.190030E-02  1.309738E-02
8.142285E-02  1.258198E-02  1.307024E-02
8.340681E-02  1.325265E-02  1.297015E-02
8.539078E-02  1.395625E-02  1.273174E-02
8.737475E-02  1.469287E-02  1.239559E-02
8.935872E-02  1.543735E-02  1.204252E-02
9.134269E-02  1.616772E-02  1.173173E-02
9.332665E-02  1.686480E-02  1.149412E-02
9.531062E-02  1.751183E-02  1.133103E-02
9.729459E-02  1.809420E-02  1.121924E-02
9.927856E-02  1.859921E-02  1.112106E-02
1.012625E-01  1.902439E-02  1.099211E-02
1.032465E-01  1.939696E-02  1.081466E-02
1.052305E-01  1.972336E-02  1.062428E-02
1.072144E-01  2.000720E-02  1.045301E-02
1.091984E-01  2.025181E-02  1.032101E-02
1.111824E-01  2.046025E-02  1.023427E-02
1.131663E-01  2.063536E-02  1.018531E-02
1.151503E-01  2.077975E-02  1.015655E-02
1.171343E-01  2.089583E-02  1.012529E-02
1.191182E-01  2.098434E-02  1.006788E-02
1.211022E-01  2.103371E-02  9.965451E-03
1.230862E-01  2.104632E-02  9.835937E-03
1.250701E-01  2.102831E-02  9.702236E-03
1.270541E-01  2.098532E-02  9.582369E-03
1.290381E-01  2.092251E-02  9.487078E-03
1.310220E-01  2.084461E-02  9.418875E-03
1.330060E-01  2.075596E-02  9.372537E-03
1.349900E-01  2.066054E-02  9.336801E-03
1.369739E-01  2.056189E-02  9.296832E-03
1.389579E-01  2.045345E-02  9.239483E-03
1.409419E-01  2.033107E-02  9.169110E-03
1.429259E-01  2.019644E-02  9.093873E-03
1.449098E-01  2.005113E-02  9.019895E-03
1.468938E-01  1.989662E-02  8.950813E-03
1.488778E-01  1.973424E-02  8.887692E-03
1.508617E-01  1.956527E-02  8.829253E-03
1.528457E-01  1.939088E-02  8.772368E-03
1.548297E-01  1.921216E-02  8.712746E-03
1.568136E-01  1.902891E-02  8.639513E-03
1.587976E-01  1.883952E-02  8.546853E-03
1.607816E-01  1.864401E-02  8.445473E-03
1.627655E-01  1.844241E-02  8.345347E-03
1.647495E-01  1.823476E-02  8.254842E-03
1.667335E-01  1.802109E-02  8.180296E-03
1.687174E-01  1.780147E-02  8.125829E-03
1.707014E-01  1.757593E-02  8.093399E-03
1.726854E-01  1.734453E-02  8.083113E-03
1.746693E-01  1.710756E-02  8.093180E-03
1.766533E-01  1.686582E-02  8.121113E-03
1.786373E-01  1.661908E-02  8.167779E-03
1.806212E-01  1.636699E-02  8.232859E-03
1.826052E-01  1.610926E-02  8.314319E-03
1.845892E-01  1.584561E-02  8.408534E-03
1.865731E-01  1.557578E-02  8.510610E-03
1.885571E-01  1.529952E-02  8.614854E-03
1.905411E-01  1.501664E-02  8.715286E-03
1.925251E-01  1.472686E-02  8.807103E-03
1.945090E-01  1.442963E-02  8.897973E-03
1.964930E-01  1.412544E-02  8.990818E-03
1.984770E-01  1.381504E-02  9.085203E-03
2.004609E-01  1.349910E-02  9.180172E-03
2.024449E-01  1.317830E-02  9.274252E-03
2.044289E-01  1.285325E-02  9.365529E-03
2.064128E-01  1.252455E-02  9.451778E-03
2.083968E-01  1.219275E-02  9.530634E-03
2.103808E-01  1.185835E-02  9.599789E-03
2.123647E-01  1.151804E-02  9.659597E-03
2.143487E-01  1.117062E-02  9.716392E-03
2.163327E-01  1.081802E-02  9.775974E-03
2.183166E-01  1.046205E-02  9.842005E-03
2.203006E-01  1.010440E-02  9.915762E-03
2.222846E-01  9.746718E-03  9.996225E-03
2.242685E-01  9.390529E-03  1.008042E-02
2.262525E-01  9.037295E-03  1.016394E-02
2.282365E-01  8.688395E-03  1.024163E-02
2.302204E-01  8.343141E-03  1.031147E-02
2.322044E-01  7.998568E-03  1.037786E-02
2.341884E-01  7.654906E-03  1.044215E-02
2.361723E-01  7.312447E-03  1.050513E-02
2.381563E-01  6.971470E-03  1.056696E-02
2.401403E-01  6.632239E-03  1.062704E-02
2.421242E-01  6.295004E-03  1.068411E-02
2.441082E-01  5.960002E-03  1.073634E-02
2.460922E-01  5.627460E-03  1.078163E-02
2.480762E-01  5.295306E-03  1.081816E-02
2.500601E-01  4.955326E-03  1.085044E-02
2.520441E-01  4.610865E-03  1.088723E-02
2.540281E-01  4.266459E-03  1.093352E-02
2.560120E-01  3.926436E-03  1.098892E-02
2.579960E-01  3.594922E-03  1.104767E-02
2.599800E-01  3.275854E-03  1.109973E-02
2.619639E-01  2.972986E-03  1.113266E-02
2.639479E-01  2.689899E-03  1.113413E-02
2.659319E-01  2.430097E-03  1.109381E-02
2.679158E-01  2.195756E-03  1.100164E-02
2.698998E-01  1.982842E-03  1.088159E-02
2.718838E-01  1.786429E-03  1.076491E-02
2.738677E-01  1.601797E-03  1.067556E-02
2.758517E-01  1.424425E-03  1.062523E-02
2.778357E-01  1.249981E-03  1.061149E-02
2.798196E-01  1.074314E-03  1.061928E-02
2.818036E-01  8.934486E-04  1.062534E-02
2.837876E-01  7.035816E-04  1.060468E-02
2.857715E-01  5.037362E-04  1.054747E-02
2.877555E-01  2.973832E-04  1.046400E-02
2.897395E-01  8.782190E-05  1.036680E-02
2.917234E-01  -1.217808E-04  1.026841E-02
2.937074E-01  -3.283857E-04  1.017843E-02
2.956914E-01  -5.290756E-04  1.010174E-02
2.976754E-01  -7.210513E-04  1.003784E-02
2.996593E-01  -9.016266E-04  9.981309E-03
3.016433E-01  -1.068224E-03  9.923412E-03
3.036273E-01  -1.224858E-03  9.859324E-03
3.056112E-01  -1.381565E-03  9.799400E-03
3.075952E-01  -1.534706E-03  9.751519E-03
3.095792E-01  -1.680374E-03  9.720596E-03
3.115631E-01  -1.814814E-03  9.707034E-03
3.135471E-01  -1.934417E-03  9.706052E-03
3.155311E-01  -2.035712E-03  9.708032E-03
3.175150E-01  -2.115363E-03  9.699676E-03
3.194990E-01  -2.170163E-03  9.665728E-03
3.214830E-01  -2.198217E-03  9.592775E-03
3.234669E-01  -2.204287E-03  9.483422E-03
3.254509E-01  -2.190360E-03  9.344867E-03
3.274349E-01  -2.157682E-03  9.184635E-03
3.294188E-01  -2.107458E-03  9.010377E-03
3.314028E-01  -2.040856E-03  8.829258E-03
3.333868E-01  -1.959006E-03  8.647505E-03
3.353707E-01  -1.863001E-03  8.470115E-03
3.373547E-01  -1.753901E-03  8.300733E-03
3.393387E-01  -1.632391E-03  8.140713E-03
3.413226E-01  -1.493845E-03  7.977160E-03
3.433066E-01  -1.338049E-03  7.815013E-03
3.452906E-01  -1.166980E-03  7.664963E-03
3.472745E-01  -9.825471E-04  7.535020E-03
3.492585E-01  -7.866010E-04  7.429768E-03
3.512425E-01  -5.809313E-04  7.350044E-03
3.532265E-01  -3.672702E-04  7.293138E-03
3.552104E-01  -1.472936E-04  7.253527E-03
3.571944E-01  7.738106E-05  7.224061E-03
3.591784E-01  3.121477E-04  7.199096E-03
3.611623E-01  5.607034E-04  7.179685E-03
3.631463E-01  8.200465E-04  7.168826E-03
3.651303E-01  1.087270E-03  7.169176E-03
3.671142E-01  1.359559E-03  7.182246E-03
3.690982E-01  1.634188E-03  7.207962E-03
3.710822E-01  1.908519E-03  7.244592E-03
3.730661E-01  2.179995E-03  7.288987E-03
3.750501E-01  2.446143E-03  7.337096E-03
3.770341E-01  2.707600E-03  7.385167E-03
3.790180E-01  2.969851E-03  7.434052E-03
3.810020E-01  3.232480E-03  7.486731E-03
3.829860E-01  3.494830E-03  7.545668E-03
3.849699E-01  3.756265E-03  7.612543E-03
3.869539E-01  4.016168E-03  7.688126E-03
3.889379E-01  4.273941E-03  7.772284E-03
3.909218E-01  4.529004E-03  7.864090E-03
3.929058E-01  4.780795E-03  7.962024E-03
3.948898E-01  5.028447E-03  8.064146E-03
3.968737E-01  5.270374E-03  8.169700E-03
3.988577E-01  5.507784E-03  8.280775E-03
4.008417E-01  5.742225E-03  8.398980E-03
4.028257E-01  5.975199E-03  8.524869E-03
4.048096E-01  6.208166E-03  8.657847E-03
4.067936E-01  6.442542E-03  8.796254E-03
4.087776E-01  6.679701E-03  8.937573E-03
4.107615E-01  6.920980E-03  9.078761E-03
4.127455E-01  7.167117E-03  9.218725E-03
4.147295E-01  7.408233E-03  9.395874E-03
4.167134E-01  7.643709E-03  9.612224E-03
4.186974E-01  7.877997E-03  9.848687E-03
4.206814E-01  8.115423E-03  1.008337E-02
4.226653E-01  8.360192E-03  1.029184E-02
4.246493E-01  8.616391E-03  1.044878E-02
4.266333E-01  8.887992E-03  1.053033E-02
4.286172E-01  9.178853E-03  1.051745E-02
4.306012E-01  9.492725E-03  1.040040E-02
4.325852E-01  9.841703E-03  1.016496E-02
4.345691E-01  1.022788E-02  9.875046E-03
4.365531E-01  1.063977E-02  9.651035E-03
4.385371E-01  1.106623E-02  9.592298E-03
4.405210E-01  1.149637E-02  9.748104E-03
4.425050E-01  1.191963E-02  1.010182E-02
4.444890E-01  1.232570E-02  1.058042E-02
4.464729E-01  1.270457E-02  1.108098E-02
4.484569E-01  1.304649E-02  1.149664E-02
4.504409E-01  1.334847E-02  1.175565E-02
4.524248E-01  1.362431E-02  1.188074E-02
4.544088E-01  1.387817E-02  1.189499E-02
4.563928E-01  1.411347E-02  1.182646E-02
4.583768E-01  1.433352E-02  1.170505E-02
4.603607E-01  1.454156E-02  1.155907E-02
4.623447E-01  1.474075E-02  1.141292E-02
4.643287E-01  1.493415E-02  1.128583E-02
4.663126E-01  1.512477E-02  1.119176E-02
4.682966E-01  1.531425E-02  1.113491E-02
4.702806E-01  1.549624E-02  1.108269E-02
4.722645E-01  1.566992E-02  1.102916E-02
4.742485E-01  1.583590E-02  1.097475E-02
4.762325E-01  1.599476E-02  1.091957E-02
4.782164E-01  1.614706E-02  1.086335E-02
4.802004E-01  1.629335E-02  1.080556E-02
4.821844E-01  1.643418E-02  1.074540E-02
4.841683E-01  1.657008E-02  1.068196E-02
4.861523E-01  1.670136E-02  1.061415E-02
4.881363E-01  1.682368E-02  1.053728E-02
4.901202E-01  1.693667E-02  1.045381E-02
4.921042E-01  1.704251E-02  1.036886E-02
4.940882E-01  1.714329E-02  1.028652E-02
4.960721E-01  1.724110E-02  1.020963E-02
4.980561E-01  1.733795E-02  1.013980E-02
5.000401E-01  1.743580E-02  1.007763E-02
5.020240E-01  1.753657E-02  1.002324E-02
5.040080E-01  1.764214E-02  9.977034E-03
5.059920E-01  1.775428E-02  9.937486E-03
5.079760E-01  1.787200E-02  9.907337E-03
5.099599E-01  1.799296E-02  9.894276E-03
5.119439E-01  1.811486E-02  9.903729E-03
5.139279E-01  1.823544E-02  9.937766E-03
5.159118E-01  1.835252E-02  9.994625E-03
5.178958E-01  1.846394E-02  1.006885E-02
5.198798E-01  1.856762E-02  1.015195E-02
5.218637E-01  1.866150E-02  1.023344E-02
5.238477E-01  1.874629E-02  1.030748E-02
5.258317E-01  1.882802E-02  1.038326E-02
5.278156E-01  1.890578E-02  1.046147E-02
5.297996E-01  1.897820E-02  1.054193E-02
5.317836E-01  1.904396E-02  1.062392E-02
5.337675E-01  1.910178E-02  1.070595E-02
5.357515E-01  1.915040E-02  1.078562E-02
5.377355E-01  1.918857E-02  1.085966E-02
5.397194E-01  1.921509E-02  1.092412E-02
5.417034E-01  1.922897E-02  1.097489E-02
5.436874E-01  1.923111E-02  1.101216E-02
5.456713E-01  1.922254E-02  1.103844E-02
5.476553E-01  1.920408E-02  1.105602E-02
5.496393E-01  1.917656E-02  1.106695E-02
5.516232E-01  1.914078E-02  1.107285E-02
5.536072E-01  1.909751E-02  1.107494E-02
5.555912E-01  1.904752E-02  1.107402E-02
5.575752E-01  1.899156E-02  1.107053E-02
5.595591E-01  1.893030E-02  1.106456E-02
5.615431E-01  1.886166E-02  1.105312E-02
5.635271E-01  1.878498E-02  1.103583E-02
5.655110E-01  1.870097E-02  1.101407E-02
5.674950E-01  1.861032E-02  1.098901E-02
5.694790E-01  1.851371E-02  1.096161E-02
5.714629E-01  1.841182E-02  1.093254E-02
5.734469E-01  1.830530E-02  1.090219E-02
5.754309E-01  1.819479E-02  1.087075E-02
5.774148E-01  1.808092E-02  1.083819E-02
5.793988E-01  1.796258E-02  1.080361E-02
5.813828E-01  1.783820E-02  1.076702E-02
5.833667E-01  1.770849E-02  1.073003E-02
5.853507E-01  1.757418E-02  1.069396E-02
5.873347E-01  1.743597E-02  1.065979E-02
5.893186E-01  1.729453E-02  1.062817E-02
5.913026E-01  1.715055E-02  1.059941E-02
5.932866E-01  1.700468E-02  1.057357E-02
5.952705E-01  1.685757E-02  1.055052E-02
5.972545E-01  1.670950E-02  1.052916E-02
5.992385E-01  1.655960E-02  1.050880E-02
6.012224E-01  1.640760E-02  1.049358E-02
6.032064E-01  1.625332E-02  1.048696E-02
6.051904E-01  1.609658E-02  1.049092E-02
6.071743E-01  1.593719E-02  1.050582E-02
6.091583E-01  1.577498E-02  1.053037E-02
6.111423E-01  1.560976E-02  1.056183E-02
6.131263E-01  1.544138E-02  1.059640E-02
6.151102E-01  1.526927E-02  1.063024E-02
6.170942E-01  1.509045E-02  1.066432E-02
6.190782E-01  1.490587E-02  1.069876E-02
6.210621E-01  1.471735E-02  1.073296E-02
6.230461E-01  1.452667E-02  1.076626E-02
6.250301E-01  1.433557E-02  1.079775E-02
6.270140E-01  1.414578E-02  1.082623E-02
6.289980E-01  1.395897E-02  1.085020E-02
6.309820E-01  1.377680E-02  1.086800E-02
6.329659E-01  1.360078E-02  1.087788E-02
6.349499E-01  1.342677E-02  1.088017E-02
6.369339E-01  1.325291E-02  1.087592E-02
6.389178E-01  1.308041E-02  1.086555E-02
6.409018E-01  1.291047E-02  1.084945E-02
6.428858E-01  1.274428E-02  1.082788E-02
6.448697E-01  1.258298E-02  1.080093E-02
6.468537E-01  1.242771E-02  1.076851E-02
6.488377E-01  1.227959E-02  1.073042E-02
6.508216E-01  1.213970E-02  1.068638E-02
6.528056E-01  1.200712E-02  1.063719E-02
6.547896E-01  1.187959E-02  1.058489E-02
6.567735E-01  1.175747E-02  1.053029E-02
6.587575E-01  1.164113E-02  1.047370E-02
6.607415E-01  1.153092E-02  1.041486E-02
6.627255E-01  1.142720E-02  1.035296E-02
6.647094E-01  1.133032E-02  1.028672E-02
6.666934E-01  1.124063E-02  1.021460E-02
6.686774E-01  1.115845E-02  1.013511E-02
6.706613E-01  1.108715E-02  1.004592E-02
6.726453E-01  1.103501E-02  9.946401E-03
6.746293E-01  1.099742E-02  9.845118E-03
6.766132E-01  1.096879E-02  9.750134E-03
6.785972E-01  1.094363E-02  9.667349E-03
6.805812E-01  1.091654E-02  9.599811E-03
6.825651E-01  1.088222E-02  9.547490E-03
6.845491E-01  1.083546E-02  9.507526E-03
6.865331E-01  1.077113E-02  9.474960E-03
6.885170E-01  1.068497E-02  9.444064E-03
6.905010E-01  1.058184E-02  9.413081E-03
6.924850E-01  1.046549E-02  9.383831E-03
6.944689E-01  1.033816E-02  9.358519E-03
6.964529E-01  1.020201E-02  9.339025E-03
6.984369E-01  1.005921E-02  9.326439E-03
7.004208E-01  9.911875E-03  9.320886E-03
7.024048E-01  9.762074E-03  9.321663E-03
7.043888E-01  9.611855E-03  9.327640E-03
7.063727E-01  9.463137E-03  9.337965E-03
7.083567E-01  9.310908E-03  9.356338E-03
7.103407E-01  9.152566E-03  9.388971E-03
7.123246E-01  8.989792E-03  9.440061E-03
7.143086E-01  8.824237E-03  9.511567E-03
7.162926E-01  8.657528E-03  9.602427E-03
7.182766E-01  8.491262E-03  9.708356E-03
7.202605E-01  8.327013E-03  9.822166E-03
7.222445E-01  8.166326E-03  9.934500E-03
7.242285E-01  8.010722E-03  1.003484E-02
7.262124E-01  7.861662E-03  1.012082E-02
7.281964E-01  7.718607E-03  1.020260E-02
7.301804E-01  7.579695E-03  1.028236E-02
7.321643E-01  7.443086E-03  1.036161E-02
7.341483E-01  7.306968E-03  1.044089E-02
7.361323E-01  7.169559E-03  1.051950E-02
7.381162E-01  7.029107E-03  1.059567E-02
7.401002E-01  6.883886E-03  1.066679E-02
7.420842E-01  6.732198E-03  1.072992E-02
7.440681E-01  6.571768E-03  1.078333E-02
7.460521E-01  6.400635E-03  1.083091E-02
7.480361E-01  6.221600E-03  1.087722E-02
7.500200E-01  6.037786E-03  1.092600E-02
7.520040E-01  5.852265E-03  1.097956E-02
7.539880E-01  5.668061E-03  1.103846E-02
7.559719E-01  5.488153E-03  1.110146E-02
7.579559E-01  5.315470E-03  1.116593E-02
7.599399E-01  5.152896E-03  1.122846E-02
7.619238E-01  5.002722E-03  1.128550E-02
7.639078E-01  4.860401E-03  1.133524E-02
7.658918E-01  4.724098E-03  1.138767E-02
7.678758E-01  4.593623E-03  1.145334E-02
7.698597E-01  4.468789E-03  1.153974E-02
7.718437E-01  4.349411E-03  1.165049E-02
7.738277E-01  4.235308E-03  1.178499E-02
7.758116E-01  4.126300E-03  1.193885E-02
7.777956E-01  4.022212E-03  1.210474E-02
7.797796E-01  3.922863E-03  1.227380E-02
7.817635E-01  3.827635E-03  1.244974E-02
7.837475E-01  3.736509E-03  1.263633E-02
7.857315E-01  3.649955E-03  1.283006E-02
7.877154E-01  3.568433E-03  1.302721E-02
7.896994E-01  3.492398E-03  1.322345E-02
7.916834E-01  3.422295E-03  1.341373E-02
7.936673E-01  3.358565E-03  1.359248E-02
7.956513E-01  3.301642E-03  1.375398E-02
7.976353E-01  3.251950E-03  1.389287E-02
7.996192E-01  3.209549E-03  1.400886E-02
8.016032E-01  3.173846E-03  1.411143E-02
8.035872E-01  3.144630E-03  1.420700E-02
8.055711E-01  3.121702E-03  1.430065E-02
8.075551E-01  3.104865E-03  1.439555E-02
8.095391E-01  3.093926E-03  1.449267E-02
8.115230E-01  3.088694E-03  1.459079E-02
8.135070E-01  3.088980E-03  1.468675E-02
8.154910E-01  3.094598E-03  1.477608E-02
8.174749E-01  3.106975E-03  1.485352E-02
8.194589E-01  3.131802E-03  1.491806E-02
8.214429E-01  3.166807E-03  1.497616E-02
8.234269E-01  3.208823E-03  1.503406E-02
8.254108E-01  3.254726E-03  1.509637E-02
8.273948E-01  3.301438E-03  1.516560E-02
8.293788E-01  3.345924E-03  1.524225E-02
8.313627E-01  3.385193E-03  1.532536E-02
8.333467E-01  3.416298E-03  1.541345E-02
8.353307E-01  3.436382E-03  1.550680E-02
8.373146E-01  3.444973E-03  1.561868E-02
8.392986E-01  3.444775E-03  1.575520E-02
8.412826E-01  3.438669E-03  1.591709E-02
8.432665E-01  3.429499E-03  1.610195E-02
8.452505E-01  3.420068E-03  1.630359E-02
8.472345E-01  3.413139E-03  1.651236E-02
8.492184E-01  3.411437E-03  1.671604E-02
8.512024E-01  3.417648E-03  1.690137E-02
8.531864E-01  3.434444E-03  1.705604E-02
8.551703E-01  3.469020E-03  1.719391E-02
8.571543E-01  3.521098E-03  1.734852E-02
8.591383E-01  3.584170E-03  1.754022E-02
8.611222E-01  3.651821E-03  1.777911E-02
8.631062E-01  3.717722E-03  1.806191E-02
8.650902E-01  3.775632E-03  1.837161E-02
8.670741E-01  3.819395E-03  1.867932E-02
8.690581E-01  3.842939E-03  1.894779E-02
8.710421E-01  3.840278E-03  1.913564E-02
8.730261E-01  3.806908E-03  1.921018E-02
8.750100E-01  3.746190E-03  1.917831E-02
8.769940E-01  3.663972E-03  1.905749E-02
8.789780E-01  3.566014E-03  1.886718E-02
8.809619E-01  3.457999E-03  1.862744E-02
8.829459E-01  3.345536E-03  1.835775E-02
8.849299E-01  3.234156E-03  1.807632E-02
8.869138E-01  3.129318E-03  1.779960E-02
8.888978E-01  3.036407E-03  1.754236E-02
8.908818E-01  2.958383E-03  1.730851E-02
8.928657E-01  2.886381E-03  1.705939E-02
8.948497E-01  2.818290E-03  1.679220E-02
8.968337E-01  2.753411E-03  1.651050E-02
8.988176E-01  2.691058E-03  1.621783E-02
9.008016E-01  2.630552E-03  1.591766E-02
9.027856E-01  2.571223E-03  1.561324E-02
9.047695E-01  2.512409E-03  1.530760E-02
9.067535E-01  2.453459E-03  1.500354E-02
9.087375E-01  2.393858E-03  1.470307E-02
9.107214E-01  2.335229E-03  1.439864E-02
9.127054E-01  2.277977E-03  1.408813E-02
9.146894E-01  2.221755E-03  1.377271E-02
9.166733E-01  2.166220E-03  1.345347E-02
9.186573E-01  2.111033E-03  1.313136E-02
9.206413E-01  2.055861E-03  1.280710E-02
9.226253E-01  2.000374E-03  1.248121E-02
9.246092E-01  1.944247E-03  1.215400E-02
9.265932E-01  1.887158E-03  1.182558E-02
9.285772E-01  1.829224E-03  1.149224E-02
9.305611E-01  1.770807E-03  1.115158E-02
9.325451E-01  1.712016E-03  1.080503E-02
9.345291E-01  1.652960E-03  1.045411E-02
9.365130E-01  1.593746E-03  1.010038E-02
9.384970E-01  1.534481E-03  9.745431E-03
9.404810E-01  1.475267E-03  9.390848E-03
9.424649E-01  1.416210E-03  9.038215E-03
9.444489E-01  1.357410E-03  8.689093E-03
9.464329E-01  1.298586E-03  8.342182E-03
9.484168E-01  1.239099E-03  7.992520E-03
9.504008E-01  1.179249E-03  7.641258E-03
9.523848E-01  1.119368E-03  7.289770E-03
9.543687E-01  1.059783E-03  6.939382E-03
9.563527E-01  1.000817E-03  6.591358E-03
9.583367E-01  9.427893E-04  6.246874E-03
9.603206E-01  8.860153E-04  5.907004E-03
9.623046E-01  8.308062E-04  5.572715E-03
9.642886E-01  7.773203E-04  5.243836E-03
9.662725E-01  7.249173E-04  4.915600E-03
9.682565E-01  6.735054E-04  4.588455E-03
9.702405E-01  6.231130E-04  4.263726E-03
9.722244E-01  5.737681E-04  3.942655E-03
9.742084E-01  5.254981E-04  3.626378E-03
9.761924E-01  4.783304E-04  3.315900E-03
9.781764E-01  4.322918E-04  3.012068E-03
9.801603E-01  3.874087E-04  2.715559E-03
9.821443E-01  3.437378E-04  2.426861E-03
9.841283E-01  3.018386E-04  2.145472E-03
9.861122E-01  2.616510E-04  1.869653E-03
9.880962E-01  2.228325E-04  1.597932E-03
9.900802E-01  1.850447E-04  1.329162E-03
9.920641E-01  1.479531E-04  1.062423E-03
9.940481E-01  1.112273E-04  7.969277E-04
9.960321E-01  7.454102E-05  5.319238E-04
9.980160E-01  3.757149E-05  2.666004E-04
1.000000E+00  0.000000E+00  0.000000E+00
