JR14NLO08VF	1.00 GeV^2
x  xs-  delta_xs-
1.000000E-04  -1.081000E-03  8.430175E-04
1.009253E-04  -1.082797E-03  8.442718E-04
1.018591E-04  -1.084604E-03  8.455116E-04
1.028016E-04  -1.086419E-03  8.467401E-04
1.037528E-04  -1.088243E-03  8.479607E-04
1.047129E-04  -1.090076E-03  8.491767E-04
1.056818E-04  -1.091916E-03  8.503913E-04
1.066596E-04  -1.093764E-03  8.516077E-04
1.076465E-04  -1.095619E-03  8.528292E-04
1.086426E-04  -1.097480E-03  8.540590E-04
1.096478E-04  -1.099348E-03  8.553002E-04
1.106624E-04  -1.101222E-03  8.565537E-04
1.116863E-04  -1.103103E-03  8.578129E-04
1.127197E-04  -1.104991E-03  8.590768E-04
1.137627E-04  -1.106884E-03  8.603451E-04
1.148154E-04  -1.108783E-03  8.616172E-04
1.158777E-04  -1.110687E-03  8.628930E-04
1.169499E-04  -1.112596E-03  8.641720E-04
1.180321E-04  -1.114508E-03  8.654538E-04
1.191242E-04  -1.116424E-03  8.667380E-04
1.202264E-04  -1.118343E-03  8.680243E-04
1.213389E-04  -1.120263E-03  8.693122E-04
1.224616E-04  -1.122186E-03  8.706015E-04
1.235947E-04  -1.124110E-03  8.718916E-04
1.247384E-04  -1.126035E-03  8.731821E-04
1.258925E-04  -1.127960E-03  8.744728E-04
1.270574E-04  -1.129884E-03  8.757630E-04
1.282331E-04  -1.131808E-03  8.770524E-04
1.294196E-04  -1.133730E-03  8.783406E-04
1.306171E-04  -1.135651E-03  8.796271E-04
1.318257E-04  -1.137569E-03  8.809115E-04
1.330454E-04  -1.139484E-03  8.821933E-04
1.342765E-04  -1.141395E-03  8.834720E-04
1.355189E-04  -1.143303E-03  8.847472E-04
1.367729E-04  -1.145206E-03  8.860185E-04
1.380384E-04  -1.147103E-03  8.872854E-04
1.393157E-04  -1.148996E-03  8.885475E-04
1.406048E-04  -1.150881E-03  8.898043E-04
1.419058E-04  -1.152756E-03  8.910560E-04
1.432188E-04  -1.154620E-03  8.923030E-04
1.445440E-04  -1.156477E-03  8.935459E-04
1.458814E-04  -1.158327E-03  8.947851E-04
1.472313E-04  -1.160174E-03  8.960210E-04
1.485936E-04  -1.162018E-03  8.972542E-04
1.499685E-04  -1.163863E-03  8.984851E-04
1.513561E-04  -1.165710E-03  8.997141E-04
1.527566E-04  -1.167560E-03  9.009416E-04
1.541700E-04  -1.169417E-03  9.021680E-04
1.555966E-04  -1.171281E-03  9.033936E-04
1.570363E-04  -1.173156E-03  9.046188E-04
1.584893E-04  -1.175042E-03  9.058439E-04
1.599558E-04  -1.176943E-03  9.070693E-04
1.614359E-04  -1.178862E-03  9.082975E-04
1.629296E-04  -1.180801E-03  9.095297E-04
1.644372E-04  -1.182757E-03  9.107644E-04
1.659587E-04  -1.184724E-03  9.120001E-04
1.674943E-04  -1.186700E-03  9.132351E-04
1.690441E-04  -1.188681E-03  9.144679E-04
1.706082E-04  -1.190662E-03  9.156967E-04
1.721869E-04  -1.192640E-03  9.169200E-04
1.737801E-04  -1.194611E-03  9.181360E-04
1.753881E-04  -1.196570E-03  9.193429E-04
1.770109E-04  -1.198515E-03  9.205390E-04
1.786488E-04  -1.200441E-03  9.217226E-04
1.803018E-04  -1.202344E-03  9.228918E-04
1.819701E-04  -1.204224E-03  9.240425E-04
1.836538E-04  -1.206084E-03  9.251757E-04
1.853532E-04  -1.207927E-03  9.262945E-04
1.870682E-04  -1.209757E-03  9.274021E-04
1.887991E-04  -1.211579E-03  9.285016E-04
1.905461E-04  -1.213395E-03  9.295962E-04
1.923092E-04  -1.215209E-03  9.306889E-04
1.940886E-04  -1.217025E-03  9.317828E-04
1.958845E-04  -1.218847E-03  9.328810E-04
1.976970E-04  -1.220678E-03  9.339863E-04
1.995262E-04  -1.222523E-03  9.351019E-04
2.013724E-04  -1.224377E-03  9.362273E-04
2.032357E-04  -1.226230E-03  9.373559E-04
2.051162E-04  -1.228081E-03  9.384873E-04
2.070141E-04  -1.229933E-03  9.396212E-04
2.089296E-04  -1.231788E-03  9.407573E-04
2.108628E-04  -1.233646E-03  9.418955E-04
2.128139E-04  -1.235511E-03  9.430355E-04
2.147830E-04  -1.237382E-03  9.441771E-04
2.167704E-04  -1.239263E-03  9.453200E-04
2.187762E-04  -1.241155E-03  9.464639E-04
2.208005E-04  -1.243059E-03  9.476086E-04
2.228435E-04  -1.244977E-03  9.487538E-04
2.249055E-04  -1.246911E-03  9.498993E-04
2.269865E-04  -1.248870E-03  9.510529E-04
2.290868E-04  -1.250859E-03  9.522210E-04
2.312065E-04  -1.252871E-03  9.533994E-04
2.333458E-04  -1.254901E-03  9.545834E-04
2.355049E-04  -1.256941E-03  9.557685E-04
2.376840E-04  -1.258985E-03  9.569502E-04
2.398833E-04  -1.261028E-03  9.581236E-04
2.421029E-04  -1.263063E-03  9.592841E-04
2.443431E-04  -1.265083E-03  9.604267E-04
2.466039E-04  -1.267083E-03  9.615465E-04
2.488857E-04  -1.269055E-03  9.626386E-04
2.511886E-04  -1.270996E-03  9.636990E-04
2.535129E-04  -1.272915E-03  9.647316E-04
2.558586E-04  -1.274815E-03  9.657402E-04
2.582260E-04  -1.276700E-03  9.667281E-04
2.606154E-04  -1.278571E-03  9.676985E-04
2.630268E-04  -1.280432E-03  9.686547E-04
2.654606E-04  -1.282286E-03  9.696000E-04
2.679168E-04  -1.284134E-03  9.705377E-04
2.703958E-04  -1.285980E-03  9.714709E-04
2.728978E-04  -1.287826E-03  9.724031E-04
2.754229E-04  -1.289675E-03  9.733374E-04
2.779713E-04  -1.291530E-03  9.742771E-04
2.805434E-04  -1.293393E-03  9.752252E-04
2.831392E-04  -1.295257E-03  9.761787E-04
2.857591E-04  -1.297120E-03  9.771345E-04
2.884032E-04  -1.298982E-03  9.780915E-04
2.910717E-04  -1.300842E-03  9.790488E-04
2.937650E-04  -1.302702E-03  9.800051E-04
2.964831E-04  -1.304562E-03  9.809594E-04
2.992265E-04  -1.306422E-03  9.819107E-04
3.019952E-04  -1.308281E-03  9.828578E-04
3.047895E-04  -1.310142E-03  9.837997E-04
3.076097E-04  -1.312003E-03  9.847351E-04
3.104560E-04  -1.313865E-03  9.856630E-04
3.133286E-04  -1.315729E-03  9.865821E-04
3.162278E-04  -1.317595E-03  9.874914E-04
3.191538E-04  -1.319463E-03  9.883897E-04
3.221069E-04  -1.321335E-03  9.892774E-04
3.250873E-04  -1.323217E-03  9.901582E-04
3.280953E-04  -1.325108E-03  9.910320E-04
3.311311E-04  -1.327003E-03  9.918983E-04
3.341950E-04  -1.328901E-03  9.927570E-04
3.372873E-04  -1.330799E-03  9.936077E-04
3.404082E-04  -1.332694E-03  9.944499E-04
3.435579E-04  -1.334584E-03  9.952834E-04
3.467369E-04  -1.336466E-03  9.961077E-04
3.499452E-04  -1.338338E-03  9.969224E-04
3.531832E-04  -1.340196E-03  9.977272E-04
3.564511E-04  -1.342039E-03  9.985216E-04
3.597493E-04  -1.343863E-03  9.993052E-04
3.630781E-04  -1.345667E-03  1.000078E-03
3.664376E-04  -1.347454E-03  1.000842E-03
3.698282E-04  -1.349225E-03  1.001595E-03
3.732502E-04  -1.350982E-03  1.002338E-03
3.767038E-04  -1.352729E-03  1.003070E-03
3.801894E-04  -1.354467E-03  1.003792E-03
3.837072E-04  -1.356199E-03  1.004503E-03
3.872576E-04  -1.357926E-03  1.005203E-03
3.908409E-04  -1.359652E-03  1.005891E-03
3.944573E-04  -1.361378E-03  1.006568E-03
3.981072E-04  -1.363108E-03  1.007232E-03
4.017908E-04  -1.364841E-03  1.007885E-03
4.055085E-04  -1.366575E-03  1.008527E-03
4.092607E-04  -1.368309E-03  1.009159E-03
4.130475E-04  -1.370042E-03  1.009781E-03
4.168694E-04  -1.371773E-03  1.010394E-03
4.207266E-04  -1.373501E-03  1.010996E-03
4.246196E-04  -1.375227E-03  1.011588E-03
4.285485E-04  -1.376949E-03  1.012170E-03
4.325138E-04  -1.378667E-03  1.012741E-03
4.365158E-04  -1.380380E-03  1.013301E-03
4.405549E-04  -1.382089E-03  1.013851E-03
4.446313E-04  -1.383791E-03  1.014390E-03
4.487454E-04  -1.385487E-03  1.014918E-03
4.528976E-04  -1.387175E-03  1.015434E-03
4.570882E-04  -1.388850E-03  1.015936E-03
4.613176E-04  -1.390515E-03  1.016426E-03
4.655861E-04  -1.392172E-03  1.016903E-03
4.698941E-04  -1.393824E-03  1.017368E-03
4.742420E-04  -1.395472E-03  1.017822E-03
4.786301E-04  -1.397120E-03  1.018266E-03
4.830588E-04  -1.398770E-03  1.018700E-03
4.875285E-04  -1.400423E-03  1.019126E-03
4.920395E-04  -1.402084E-03  1.019543E-03
4.965923E-04  -1.403753E-03  1.019952E-03
5.011872E-04  -1.405434E-03  1.020356E-03
5.058247E-04  -1.407136E-03  1.020762E-03
5.105050E-04  -1.408856E-03  1.021173E-03
5.152286E-04  -1.410589E-03  1.021583E-03
5.199960E-04  -1.412331E-03  1.021990E-03
5.248075E-04  -1.414076E-03  1.022389E-03
5.296634E-04  -1.415818E-03  1.022776E-03
5.345644E-04  -1.417552E-03  1.023147E-03
5.395106E-04  -1.419274E-03  1.023499E-03
5.445027E-04  -1.420977E-03  1.023825E-03
5.495409E-04  -1.422657E-03  1.024124E-03
5.546257E-04  -1.424308E-03  1.024389E-03
5.597576E-04  -1.425925E-03  1.024617E-03
5.649370E-04  -1.427509E-03  1.024808E-03
5.701643E-04  -1.429068E-03  1.024967E-03
5.754399E-04  -1.430603E-03  1.025098E-03
5.807644E-04  -1.432118E-03  1.025202E-03
5.861382E-04  -1.433615E-03  1.025281E-03
5.915616E-04  -1.435097E-03  1.025339E-03
5.970353E-04  -1.436565E-03  1.025377E-03
6.025596E-04  -1.438023E-03  1.025397E-03
6.081350E-04  -1.439473E-03  1.025403E-03
6.137620E-04  -1.440916E-03  1.025397E-03
6.194411E-04  -1.442357E-03  1.025381E-03
6.251727E-04  -1.443797E-03  1.025357E-03
6.309573E-04  -1.445238E-03  1.025328E-03
6.367955E-04  -1.446679E-03  1.025291E-03
6.426877E-04  -1.448116E-03  1.025244E-03
6.486344E-04  -1.449548E-03  1.025185E-03
6.546362E-04  -1.450974E-03  1.025112E-03
6.606934E-04  -1.452392E-03  1.025025E-03
6.668068E-04  -1.453800E-03  1.024921E-03
6.729767E-04  -1.455197E-03  1.024799E-03
6.792036E-04  -1.456580E-03  1.024657E-03
6.854882E-04  -1.457949E-03  1.024494E-03
6.918310E-04  -1.459302E-03  1.024308E-03
6.982324E-04  -1.460637E-03  1.024099E-03
7.046931E-04  -1.461956E-03  1.023868E-03
7.112135E-04  -1.463268E-03  1.023625E-03
7.177943E-04  -1.464572E-03  1.023371E-03
7.244360E-04  -1.465867E-03  1.023104E-03
7.311391E-04  -1.467152E-03  1.022825E-03
7.379042E-04  -1.468427E-03  1.022530E-03
7.447320E-04  -1.469690E-03  1.022221E-03
7.516229E-04  -1.470940E-03  1.021895E-03
7.585776E-04  -1.472177E-03  1.021553E-03
7.655966E-04  -1.473399E-03  1.021192E-03
7.726806E-04  -1.474606E-03  1.020812E-03
7.798301E-04  -1.475795E-03  1.020412E-03
7.870458E-04  -1.476968E-03  1.019991E-03
7.943282E-04  -1.478122E-03  1.019547E-03
8.016781E-04  -1.479256E-03  1.019081E-03
8.090959E-04  -1.480373E-03  1.018596E-03
8.165824E-04  -1.481472E-03  1.018092E-03
8.241381E-04  -1.482554E-03  1.017569E-03
8.317638E-04  -1.483618E-03  1.017025E-03
8.394600E-04  -1.484665E-03  1.016461E-03
8.472274E-04  -1.485694E-03  1.015874E-03
8.550667E-04  -1.486705E-03  1.015263E-03
8.629785E-04  -1.487698E-03  1.014628E-03
8.709636E-04  -1.488674E-03  1.013968E-03
8.790225E-04  -1.489631E-03  1.013281E-03
8.871560E-04  -1.490571E-03  1.012568E-03
8.953648E-04  -1.491492E-03  1.011826E-03
9.036495E-04  -1.492393E-03  1.011054E-03
9.120108E-04  -1.493268E-03  1.010246E-03
9.204496E-04  -1.494115E-03  1.009404E-03
9.289664E-04  -1.494939E-03  1.008531E-03
9.375620E-04  -1.495742E-03  1.007629E-03
9.462372E-04  -1.496526E-03  1.006702E-03
9.549926E-04  -1.497295E-03  1.005752E-03
9.638290E-04  -1.498051E-03  1.004781E-03
9.727472E-04  -1.498796E-03  1.003794E-03
9.817479E-04  -1.499535E-03  1.002792E-03
9.908319E-04  -1.500268E-03  1.001778E-03
1.000000E-03  -1.501000E-03  1.000756E-03
1.009253E-03  -1.501741E-03  9.997411E-04
1.018591E-03  -1.502494E-03  9.987394E-04
1.028016E-03  -1.503251E-03  9.977385E-04
1.037528E-03  -1.504001E-03  9.967262E-04
1.047129E-03  -1.504735E-03  9.956902E-04
1.056818E-03  -1.505444E-03  9.946183E-04
1.066596E-03  -1.506118E-03  9.934983E-04
1.076465E-03  -1.506748E-03  9.923180E-04
1.086426E-03  -1.507325E-03  9.910655E-04
1.096478E-03  -1.507838E-03  9.897286E-04
1.106624E-03  -1.508293E-03  9.883150E-04
1.116863E-03  -1.508734E-03  9.868847E-04
1.127197E-03  -1.509164E-03  9.854428E-04
1.137627E-03  -1.509583E-03  9.839888E-04
1.148154E-03  -1.509988E-03  9.825224E-04
1.158777E-03  -1.510380E-03  9.810432E-04
1.169499E-03  -1.510757E-03  9.795510E-04
1.180321E-03  -1.511119E-03  9.780453E-04
1.191242E-03  -1.511465E-03  9.765259E-04
1.202264E-03  -1.511794E-03  9.749925E-04
1.213389E-03  -1.512106E-03  9.734448E-04
1.224616E-03  -1.512398E-03  9.718825E-04
1.235947E-03  -1.512671E-03  9.703055E-04
1.247384E-03  -1.512923E-03  9.687134E-04
1.258925E-03  -1.513154E-03  9.671060E-04
1.270574E-03  -1.513363E-03  9.654832E-04
1.282331E-03  -1.513549E-03  9.638448E-04
1.294196E-03  -1.513711E-03  9.621906E-04
1.306171E-03  -1.513848E-03  9.605204E-04
1.318257E-03  -1.513960E-03  9.588342E-04
1.330454E-03  -1.514045E-03  9.571317E-04
1.342765E-03  -1.514103E-03  9.554130E-04
1.355189E-03  -1.514133E-03  9.536779E-04
1.367729E-03  -1.514133E-03  9.519264E-04
1.380384E-03  -1.514104E-03  9.501584E-04
1.393157E-03  -1.514045E-03  9.483741E-04
1.406048E-03  -1.513950E-03  9.465695E-04
1.419058E-03  -1.513798E-03  9.447205E-04
1.432188E-03  -1.513589E-03  9.428264E-04
1.445440E-03  -1.513326E-03  9.408916E-04
1.458814E-03  -1.513014E-03  9.389205E-04
1.472313E-03  -1.512655E-03  9.369177E-04
1.485936E-03  -1.512255E-03  9.348874E-04
1.499685E-03  -1.511817E-03  9.328342E-04
1.513561E-03  -1.511345E-03  9.307624E-04
1.527566E-03  -1.510843E-03  9.286765E-04
1.541700E-03  -1.510315E-03  9.265808E-04
1.555966E-03  -1.509764E-03  9.244798E-04
1.570363E-03  -1.509195E-03  9.223778E-04
1.584893E-03  -1.508612E-03  9.202793E-04
1.599558E-03  -1.508018E-03  9.181886E-04
1.614359E-03  -1.507415E-03  9.161074E-04
1.629296E-03  -1.506798E-03  9.140324E-04
1.644372E-03  -1.506163E-03  9.119614E-04
1.659587E-03  -1.505505E-03  9.098919E-04
1.674943E-03  -1.504820E-03  9.078213E-04
1.690441E-03  -1.504102E-03  9.057471E-04
1.706082E-03  -1.503348E-03  9.036666E-04
1.721869E-03  -1.502553E-03  9.015771E-04
1.737801E-03  -1.501712E-03  8.994756E-04
1.753881E-03  -1.500821E-03  8.973593E-04
1.770109E-03  -1.499875E-03  8.952251E-04
1.786488E-03  -1.498870E-03  8.930698E-04
1.803018E-03  -1.497801E-03  8.908904E-04
1.819701E-03  -1.496670E-03  8.886858E-04
1.836538E-03  -1.495483E-03  8.864600E-04
1.853532E-03  -1.494239E-03  8.842179E-04
1.870682E-03  -1.492940E-03  8.819642E-04
1.887991E-03  -1.491587E-03  8.797041E-04
1.905461E-03  -1.490183E-03  8.774426E-04
1.923092E-03  -1.488728E-03  8.751848E-04
1.940886E-03  -1.487224E-03  8.729359E-04
1.958845E-03  -1.485672E-03  8.707013E-04
1.976970E-03  -1.484074E-03  8.684863E-04
1.995262E-03  -1.482430E-03  8.662964E-04
2.013724E-03  -1.480742E-03  8.641375E-04
2.032357E-03  -1.479006E-03  8.620127E-04
2.051162E-03  -1.477223E-03  8.599208E-04
2.070141E-03  -1.475395E-03  8.578611E-04
2.089296E-03  -1.473523E-03  8.558328E-04
2.108628E-03  -1.471609E-03  8.538354E-04
2.128139E-03  -1.469652E-03  8.518685E-04
2.147830E-03  -1.467655E-03  8.499321E-04
2.167704E-03  -1.465618E-03  8.480263E-04
2.187762E-03  -1.463543E-03  8.461515E-04
2.208005E-03  -1.461431E-03  8.443081E-04
2.228435E-03  -1.459283E-03  8.424972E-04
2.249055E-03  -1.457100E-03  8.407199E-04
2.269865E-03  -1.454891E-03  8.389810E-04
2.290868E-03  -1.452659E-03  8.372873E-04
2.312065E-03  -1.450396E-03  8.356424E-04
2.333458E-03  -1.448097E-03  8.340497E-04
2.355049E-03  -1.445754E-03  8.325126E-04
2.376840E-03  -1.443360E-03  8.310345E-04
2.398833E-03  -1.440907E-03  8.296185E-04
2.421029E-03  -1.438389E-03  8.282678E-04
2.443431E-03  -1.435798E-03  8.269854E-04
2.466039E-03  -1.433128E-03  8.257741E-04
2.488857E-03  -1.430371E-03  8.246369E-04
2.511886E-03  -1.427524E-03  8.235779E-04
2.535129E-03  -1.424610E-03  8.226077E-04
2.558586E-03  -1.421631E-03  8.217291E-04
2.582260E-03  -1.418587E-03  8.209441E-04
2.606154E-03  -1.415478E-03  8.202546E-04
2.630268E-03  -1.412304E-03  8.196630E-04
2.654606E-03  -1.409064E-03  8.191718E-04
2.679168E-03  -1.405759E-03  8.187837E-04
2.703958E-03  -1.402386E-03  8.185015E-04
2.728978E-03  -1.398947E-03  8.183285E-04
2.754229E-03  -1.395442E-03  8.182680E-04
2.779713E-03  -1.391869E-03  8.183237E-04
2.805434E-03  -1.388229E-03  8.184997E-04
2.831392E-03  -1.384544E-03  8.188112E-04
2.857591E-03  -1.380821E-03  8.192648E-04
2.884032E-03  -1.377055E-03  8.198617E-04
2.910717E-03  -1.373241E-03  8.206028E-04
2.937650E-03  -1.369373E-03  8.214895E-04
2.964831E-03  -1.365446E-03  8.225228E-04
2.992265E-03  -1.361457E-03  8.237040E-04
3.019952E-03  -1.357399E-03  8.250346E-04
3.047895E-03  -1.353267E-03  8.265158E-04
3.076097E-03  -1.349057E-03  8.281492E-04
3.104560E-03  -1.344764E-03  8.299362E-04
3.133286E-03  -1.340382E-03  8.318784E-04
3.162278E-03  -1.335907E-03  8.339774E-04
3.191538E-03  -1.331334E-03  8.362350E-04
3.221069E-03  -1.326657E-03  8.386534E-04
3.250873E-03  -1.321875E-03  8.412377E-04
3.280953E-03  -1.316993E-03  8.439938E-04
3.311311E-03  -1.312013E-03  8.469276E-04
3.341950E-03  -1.306940E-03  8.500448E-04
3.372873E-03  -1.301777E-03  8.533509E-04
3.404082E-03  -1.296527E-03  8.568511E-04
3.435579E-03  -1.291196E-03  8.605506E-04
3.467369E-03  -1.285786E-03  8.644539E-04
3.499452E-03  -1.280301E-03  8.685657E-04
3.531832E-03  -1.274744E-03  8.728902E-04
3.564511E-03  -1.269120E-03  8.774314E-04
3.597493E-03  -1.263433E-03  8.821930E-04
3.630781E-03  -1.257682E-03  8.871827E-04
3.664376E-03  -1.251865E-03  8.924064E-04
3.698282E-03  -1.245973E-03  8.978626E-04
3.732502E-03  -1.240003E-03  9.035497E-04
3.767038E-03  -1.233947E-03  9.094658E-04
3.801894E-03  -1.227800E-03  9.156088E-04
3.837072E-03  -1.221556E-03  9.219765E-04
3.872576E-03  -1.215209E-03  9.285665E-04
3.908409E-03  -1.208754E-03  9.353762E-04
3.944573E-03  -1.202184E-03  9.424029E-04
3.981072E-03  -1.195494E-03  9.496437E-04
4.017908E-03  -1.188681E-03  9.570948E-04
4.055085E-03  -1.181764E-03  9.647503E-04
4.092607E-03  -1.174747E-03  9.726134E-04
4.130475E-03  -1.167631E-03  9.806888E-04
4.168694E-03  -1.160419E-03  9.889812E-04
4.207266E-03  -1.153111E-03  9.974955E-04
4.246196E-03  -1.145710E-03  1.006236E-03
4.285485E-03  -1.138216E-03  1.015209E-03
4.325138E-03  -1.130632E-03  1.024418E-03
4.365158E-03  -1.122959E-03  1.033868E-03
4.405549E-03  -1.115198E-03  1.043564E-03
4.446313E-03  -1.107352E-03  1.053512E-03
4.487454E-03  -1.099421E-03  1.063715E-03
4.528976E-03  -1.091411E-03  1.074187E-03
4.570882E-03  -1.083334E-03  1.084945E-03
4.613176E-03  -1.075179E-03  1.095977E-03
4.655861E-03  -1.066937E-03  1.107273E-03
4.698941E-03  -1.058596E-03  1.118818E-03
4.742420E-03  -1.050146E-03  1.130601E-03
4.786301E-03  -1.041577E-03  1.142610E-03
4.830588E-03  -1.032879E-03  1.154831E-03
4.875285E-03  -1.024041E-03  1.167251E-03
4.920395E-03  -1.015053E-03  1.179858E-03
4.965923E-03  -1.005903E-03  1.192639E-03
5.011872E-03  -9.965843E-04  1.205581E-03
5.058247E-03  -9.871136E-04  1.218680E-03
5.105050E-03  -9.775036E-04  1.231942E-03
5.152286E-03  -9.677576E-04  1.245379E-03
5.199960E-03  -9.578793E-04  1.258998E-03
5.248075E-03  -9.478722E-04  1.272810E-03
5.296634E-03  -9.377398E-04  1.286824E-03
5.345644E-03  -9.274855E-04  1.301048E-03
5.395106E-03  -9.171130E-04  1.315493E-03
5.445027E-03  -9.066258E-04  1.330168E-03
5.495409E-03  -8.960273E-04  1.345081E-03
5.546257E-03  -8.853211E-04  1.360242E-03
5.597576E-03  -8.745107E-04  1.375659E-03
5.649370E-03  -8.636101E-04  1.391341E-03
5.701643E-03  -8.526277E-04  1.407281E-03
5.754399E-03  -8.415549E-04  1.423466E-03
5.807644E-03  -8.303828E-04  1.439884E-03
5.861382E-03  -8.191029E-04  1.456521E-03
5.915616E-03  -8.077063E-04  1.473365E-03
5.970353E-03  -7.961844E-04  1.490403E-03
6.025596E-03  -7.845285E-04  1.507622E-03
6.081350E-03  -7.727298E-04  1.525009E-03
6.137620E-03  -7.607798E-04  1.542551E-03
6.194411E-03  -7.486695E-04  1.560237E-03
6.251727E-03  -7.363904E-04  1.578052E-03
6.309573E-03  -7.239342E-04  1.595987E-03
6.367955E-03  -7.113118E-04  1.614070E-03
6.426877E-03  -6.985303E-04  1.632318E-03
6.486344E-03  -6.855874E-04  1.650732E-03
6.546362E-03  -6.724808E-04  1.669309E-03
6.606934E-03  -6.592083E-04  1.688049E-03
6.668068E-03  -6.457676E-04  1.706951E-03
6.729767E-03  -6.321565E-04  1.726014E-03
6.792036E-03  -6.183725E-04  1.745237E-03
6.854882E-03  -6.044136E-04  1.764618E-03
6.918310E-03  -5.902774E-04  1.784157E-03
6.982324E-03  -5.759615E-04  1.803853E-03
7.046931E-03  -5.614787E-04  1.823703E-03
7.112135E-03  -5.468657E-04  1.843702E-03
7.177943E-03  -5.321225E-04  1.863847E-03
7.244360E-03  -5.172468E-04  1.884136E-03
7.311391E-03  -5.022365E-04  1.904565E-03
7.379042E-03  -4.870893E-04  1.925133E-03
7.447320E-03  -4.718029E-04  1.945835E-03
7.516229E-03  -4.563752E-04  1.966670E-03
7.585776E-03  -4.408040E-04  1.987635E-03
7.655966E-03  -4.250870E-04  2.008728E-03
7.726806E-03  -4.092219E-04  2.029946E-03
7.798301E-03  -3.932066E-04  2.051286E-03
7.870458E-03  -3.770388E-04  2.072747E-03
7.943282E-03  -3.607164E-04  2.094326E-03
8.016781E-03  -3.442371E-04  2.116022E-03
8.090959E-03  -3.276026E-04  2.137884E-03
8.165824E-03  -3.108112E-04  2.159919E-03
8.241381E-03  -2.938593E-04  2.182115E-03
8.317638E-03  -2.767433E-04  2.204456E-03
8.394600E-03  -2.594599E-04  2.226927E-03
8.472274E-03  -2.420054E-04  2.249515E-03
8.550667E-03  -2.243763E-04  2.272204E-03
8.629785E-03  -2.065690E-04  2.294980E-03
8.709636E-03  -1.885801E-04  2.317829E-03
8.790225E-03  -1.704060E-04  2.340736E-03
8.871560E-03  -1.520431E-04  2.363686E-03
8.953648E-03  -1.334880E-04  2.386666E-03
9.036495E-03  -1.147329E-04  2.409669E-03
9.120108E-03  -9.574783E-05  2.432752E-03
9.204496E-03  -7.653514E-05  2.455923E-03
9.289664E-03  -5.710469E-05  2.479175E-03
9.375620E-03  -3.746630E-05  2.502500E-03
9.462372E-03  -1.762979E-05  2.525891E-03
9.549926E-03  2.395028E-06  2.549340E-03
9.638290E-03  2.259833E-05  2.572841E-03
9.727472E-03  4.297029E-05  2.596384E-03
9.817479E-03  6.350111E-05  2.619963E-03
9.908319E-03  8.418095E-05  2.643569E-03
1.000000E-02  1.050000E-04  2.667194E-03
1.198397E-02  5.564431E-04  3.133231E-03
1.396794E-02  9.901815E-04  3.517755E-03
1.595190E-02  1.412975E-03  3.817504E-03
1.793587E-02  1.819207E-03  4.041330E-03
1.991984E-02  2.206786E-03  4.196786E-03
2.190381E-02  2.573075E-03  4.293737E-03
2.388778E-02  2.919580E-03  4.341040E-03
2.587174E-02  3.245395E-03  4.345064E-03
2.785571E-02  3.549767E-03  4.316009E-03
2.983968E-02  3.833256E-03  4.257874E-03
3.182365E-02  4.096653E-03  4.182694E-03
3.380762E-02  4.340089E-03  4.092717E-03
3.579158E-02  4.564611E-03  3.994933E-03
3.777555E-02  4.770360E-03  3.895678E-03
3.975952E-02  4.957703E-03  3.797740E-03
4.174349E-02  5.126573E-03  3.705618E-03
4.372745E-02  5.279682E-03  3.623445E-03
4.571142E-02  5.416041E-03  3.553687E-03
4.769539E-02  5.537386E-03  3.496359E-03
4.967936E-02  5.643370E-03  3.453336E-03
5.166333E-02  5.735104E-03  3.425176E-03
5.364729E-02  5.814809E-03  3.411570E-03
5.563126E-02  5.881209E-03  3.411017E-03
5.761523E-02  5.934723E-03  3.421561E-03
5.959920E-02  5.977696E-03  3.442376E-03
6.158317E-02  6.010185E-03  3.471548E-03
6.356713E-02  6.032311E-03  3.506657E-03
6.555110E-02  6.045071E-03  3.546436E-03
6.753507E-02  6.048431E-03  3.588873E-03
6.951904E-02  6.042045E-03  3.631289E-03
7.150301E-02  6.026850E-03  3.672417E-03
7.348697E-02  6.005560E-03  3.713648E-03
7.547094E-02  5.978306E-03  3.753671E-03
7.745491E-02  5.945130E-03  3.791112E-03
7.943888E-02  5.906093E-03  3.824702E-03
8.142285E-02  5.861038E-03  3.853440E-03
8.340681E-02  5.809898E-03  3.877223E-03
8.539078E-02  5.753639E-03  3.896163E-03
8.737475E-02  5.693162E-03  3.910369E-03
8.935872E-02  5.629265E-03  3.919958E-03
9.134269E-02  5.562571E-03  3.925378E-03
9.332665E-02  5.492907E-03  3.926999E-03
9.531062E-02  5.419794E-03  3.923438E-03
9.729459E-02  5.342819E-03  3.913329E-03
9.927856E-02  5.261629E-03  3.895435E-03
1.012625E-01  5.176575E-03  3.869953E-03
1.032465E-01  5.089993E-03  3.841127E-03
1.052305E-01  5.002360E-03  3.809567E-03
1.072144E-01  4.913926E-03  3.775466E-03
1.091984E-01  4.824916E-03  3.739008E-03
1.111824E-01  4.735536E-03  3.700362E-03
1.131663E-01  4.645968E-03  3.659684E-03
1.151503E-01  4.556380E-03  3.617122E-03
1.171343E-01  4.466922E-03  3.572813E-03
1.191182E-01  4.377730E-03  3.526884E-03
1.211022E-01  4.288925E-03  3.479453E-03
1.230862E-01  4.200619E-03  3.430633E-03
1.250701E-01  4.112909E-03  3.380524E-03
1.270541E-01  4.024782E-03  3.327861E-03
1.290381E-01  3.935614E-03  3.271936E-03
1.310220E-01  3.845829E-03  3.213360E-03
1.330060E-01  3.755813E-03  3.152701E-03
1.349900E-01  3.665920E-03  3.090487E-03
1.369739E-01  3.576476E-03  3.027205E-03
1.389579E-01  3.487775E-03  2.963307E-03
1.409419E-01  3.400088E-03  2.899209E-03
1.429259E-01  3.313664E-03  2.835298E-03
1.449098E-01  3.228727E-03  2.771929E-03
1.468938E-01  3.145484E-03  2.709430E-03
1.488778E-01  3.064124E-03  2.648104E-03
1.508617E-01  2.984651E-03  2.587985E-03
1.528457E-01  2.905932E-03  2.527409E-03
1.548297E-01  2.827855E-03  2.466259E-03
1.568136E-01  2.750579E-03  2.404813E-03
1.587976E-01  2.674249E-03  2.343333E-03
1.607816E-01  2.598998E-03  2.282063E-03
1.627655E-01  2.524948E-03  2.221227E-03
1.647495E-01  2.452214E-03  2.161038E-03
1.667335E-01  2.380899E-03  2.101690E-03
1.687174E-01  2.311097E-03  2.043365E-03
1.707014E-01  2.242898E-03  1.986232E-03
1.726854E-01  2.176381E-03  1.930447E-03
1.746693E-01  2.111618E-03  1.876156E-03
1.766533E-01  2.048421E-03  1.823066E-03
1.786373E-01  1.986369E-03  1.770510E-03
1.806212E-01  1.925492E-03  1.718568E-03
1.826052E-01  1.865828E-03  1.667331E-03
1.845892E-01  1.807410E-03  1.616885E-03
1.865731E-01  1.750270E-03  1.567309E-03
1.885571E-01  1.694434E-03  1.518676E-03
1.905411E-01  1.639929E-03  1.471057E-03
1.925251E-01  1.586777E-03  1.424514E-03
1.945090E-01  1.534999E-03  1.379107E-03
1.964930E-01  1.484613E-03  1.334891E-03
1.984770E-01  1.435635E-03  1.291918E-03
2.004609E-01  1.388076E-03  1.250225E-03
2.024449E-01  1.341847E-03  1.209599E-03
2.044289E-01  1.296882E-03  1.169935E-03
2.064128E-01  1.253148E-03  1.131227E-03
2.083968E-01  1.210615E-03  1.093470E-03
2.103808E-01  1.169254E-03  1.056659E-03
2.123647E-01  1.129036E-03  1.020789E-03
2.143487E-01  1.089934E-03  9.858533E-04
2.163327E-01  1.051921E-03  9.518468E-04
2.183166E-01  1.014972E-03  9.187631E-04
2.203006E-01  9.790602E-04  8.865958E-04
2.222846E-01  9.441628E-04  8.553382E-04
2.242685E-01  9.102558E-04  8.249838E-04
2.262525E-01  8.773439E-04  7.955333E-04
2.282365E-01  8.454974E-04  7.669966E-04
2.302204E-01  8.146845E-04  7.393453E-04
2.322044E-01  7.848653E-04  7.125492E-04
2.341884E-01  7.560016E-04  6.865791E-04
2.361723E-01  7.280562E-04  6.614069E-04
2.381563E-01  7.009936E-04  6.370055E-04
2.401403E-01  6.747798E-04  6.133488E-04
2.421242E-01  6.493817E-04  5.904114E-04
2.441082E-01  6.247676E-04  5.681691E-04
2.460922E-01  6.009070E-04  5.465983E-04
2.480762E-01  5.777706E-04  5.256763E-04
2.500601E-01  5.553301E-04  5.053812E-04
2.520441E-01  5.336852E-04  4.857882E-04
2.540281E-01  5.129040E-04  4.669469E-04
2.560120E-01  4.929349E-04  4.488160E-04
2.579960E-01  4.737283E-04  4.313558E-04
2.599800E-01  4.552368E-04  4.145282E-04
2.619639E-01  4.374146E-04  3.982964E-04
2.639479E-01  4.202177E-04  3.826250E-04
2.659319E-01  4.036041E-04  3.674800E-04
2.679158E-01  3.875331E-04  3.528284E-04
2.698998E-01  3.719657E-04  3.386386E-04
2.718838E-01  3.568645E-04  3.248799E-04
2.738677E-01  3.421934E-04  3.115229E-04
2.758517E-01  3.279396E-04  2.985575E-04
2.778357E-01  3.142446E-04  2.861029E-04
2.798196E-01  3.011143E-04  2.741622E-04
2.818036E-01  2.885176E-04  2.627070E-04
2.837876E-01  2.764243E-04  2.517102E-04
2.857715E-01  2.648053E-04  2.411454E-04
2.877555E-01  2.536327E-04  2.309874E-04
2.897395E-01  2.428793E-04  2.212116E-04
2.917234E-01  2.325192E-04  2.117939E-04
2.937074E-01  2.225273E-04  2.027114E-04
2.956914E-01  2.128792E-04  1.939413E-04
2.976754E-01  2.035517E-04  1.854619E-04
2.996593E-01  1.945221E-04  1.772518E-04
3.016433E-01  1.858349E-04  1.693512E-04
3.036273E-01  1.775860E-04  1.618477E-04
3.056112E-01  1.697460E-04  1.547149E-04
3.075952E-01  1.622839E-04  1.479246E-04
3.095792E-01  1.551698E-04  1.414498E-04
3.115631E-01  1.483746E-04  1.352643E-04
3.135471E-01  1.418704E-04  1.293431E-04
3.155311E-01  1.356302E-04  1.236617E-04
3.175150E-01  1.296279E-04  1.181965E-04
3.194990E-01  1.238385E-04  1.129247E-04
3.214830E-01  1.182375E-04  1.078242E-04
3.234669E-01  1.128017E-04  1.028735E-04
3.254509E-01  1.075125E-04  9.805552E-05
3.274349E-01  1.024567E-04  9.344882E-05
3.294188E-01  9.766267E-05  8.907893E-05
3.314028E-01  9.311142E-05  8.492887E-05
3.333868E-01  8.878467E-05  8.098223E-05
3.353707E-01  8.466472E-05  7.722314E-05
3.373547E-01  8.073446E-05  7.363626E-05
3.393387E-01  7.697730E-05  7.020671E-05
3.413226E-01  7.337722E-05  6.692014E-05
3.433066E-01  6.991867E-05  6.376260E-05
3.452906E-01  6.658666E-05  6.072062E-05
3.472745E-01  6.336662E-05  5.778115E-05
3.492585E-01  6.024450E-05  5.493154E-05
3.512425E-01  5.722719E-05  5.217796E-05
3.532265E-01  5.437804E-05  4.957718E-05
3.552104E-01  5.169095E-05  4.712370E-05
3.571944E-01  4.915289E-05  4.480584E-05
3.591784E-01  4.675126E-05  4.261228E-05
3.611623E-01  4.447382E-05  4.053202E-05
3.631463E-01  4.230871E-05  3.855441E-05
3.651303E-01  4.024443E-05  3.666914E-05
3.671142E-01  3.826984E-05  3.486617E-05
3.690982E-01  3.637413E-05  3.313579E-05
3.710822E-01  3.454682E-05  3.146858E-05
3.730661E-01  3.277775E-05  2.985540E-05
3.750501E-01  3.105709E-05  2.828740E-05
3.770341E-01  2.941258E-05  2.679032E-05
3.790180E-01  2.786932E-05  2.538716E-05
3.810020E-01  2.641919E-05  2.407017E-05
3.829860E-01  2.505433E-05  2.283183E-05
3.849699E-01  2.376706E-05  2.166483E-05
3.869539E-01  2.254995E-05  2.056208E-05
3.889379E-01  2.139578E-05  1.951668E-05
3.909218E-01  2.029754E-05  1.852194E-05
3.929058E-01  1.924841E-05  1.757134E-05
3.948898E-01  1.824178E-05  1.665856E-05
3.968737E-01  1.727121E-05  1.577743E-05
3.988577E-01  1.633048E-05  1.492198E-05
4.008417E-01  1.541762E-05  1.409017E-05
4.028257E-01  1.456095E-05  1.330770E-05
4.048096E-01  1.376258E-05  1.257685E-05
4.067936E-01  1.301719E-05  1.189318E-05
4.087776E-01  1.231961E-05  1.125236E-05
4.107615E-01  1.166482E-05  1.065018E-05
4.127455E-01  1.104792E-05  1.008251E-05
4.147295E-01  1.046416E-05  9.545309E-06
4.167134E-01  9.908917E-06  9.034597E-06
4.186974E-01  9.377682E-06  8.546466E-06
4.206814E-01  8.866081E-06  8.077078E-06
4.226653E-01  8.369856E-06  7.622663E-06
4.246493E-01  7.884867E-06  7.179540E-06
4.266333E-01  7.416173E-06  6.752336E-06
4.286172E-01  6.977949E-06  6.353770E-06
4.306012E-01  6.568189E-06  5.981876E-06
4.325852E-01  6.184534E-06  5.634435E-06
4.345691E-01  5.824686E-06  5.309323E-06
4.365531E-01  5.486406E-06  5.004467E-06
4.385371E-01  5.167515E-06  4.717820E-06
4.405210E-01  4.865885E-06  4.447324E-06
4.425050E-01  4.579448E-06  4.190893E-06
4.444890E-01  4.306184E-06  3.946390E-06
4.464729E-01  4.044128E-06  3.711627E-06
4.484569E-01  3.791365E-06  3.484366E-06
4.504409E-01  3.546381E-06  3.262670E-06
4.524248E-01  3.316958E-06  3.053429E-06
4.544088E-01  3.105688E-06  2.859274E-06
4.563928E-01  2.910898E-06  2.679001E-06
4.583768E-01  2.730957E-06  2.511476E-06
4.603607E-01  2.564275E-06  2.355608E-06
4.623447E-01  2.409301E-06  2.210328E-06
4.643287E-01  2.264520E-06  2.074563E-06
4.663126E-01  2.128456E-06  1.947218E-06
4.682966E-01  1.999669E-06  1.827160E-06
4.702806E-01  1.876755E-06  1.713210E-06
4.722645E-01  1.758344E-06  1.604144E-06
4.742485E-01  1.643098E-06  1.498706E-06
4.762325E-01  1.531554E-06  1.397123E-06
4.782164E-01  1.429553E-06  1.303920E-06
4.802004E-01  1.336761E-06  1.218692E-06
4.821844E-01  1.252189E-06  1.140628E-06
4.841683E-01  1.174872E-06  1.069024E-06
4.861523E-01  1.103868E-06  1.003241E-06
4.881363E-01  1.038257E-06  9.426588E-07
4.901202E-01  9.771395E-07  8.866325E-07
4.921042E-01  9.196383E-07  8.344551E-07
4.940882E-01  8.648966E-07  7.853309E-07
4.960721E-01  8.120776E-07  7.383637E-07
4.980561E-01  7.603645E-07  6.925637E-07
5.000401E-01  7.089604E-07  6.468760E-07
5.020240E-01  6.596394E-07  6.028002E-07
5.040080E-01  6.142677E-07  5.621116E-07
5.059920E-01  5.724920E-07  5.244602E-07
5.079760E-01  5.339666E-07  4.895346E-07
5.099599E-01  4.983534E-07  4.570558E-07
5.119439E-01  4.653220E-07  4.267699E-07
5.139279E-01  4.345494E-07  3.984403E-07
5.159118E-01  4.057196E-07  3.718395E-07
5.178958E-01  3.785238E-07  3.467416E-07
5.198798E-01  3.526599E-07  3.229166E-07
5.218637E-01  3.278328E-07  3.001264E-07
5.238477E-01  3.037537E-07  2.781259E-07
5.258317E-01  2.803102E-07  2.568115E-07
5.278156E-01  2.586913E-07  2.371835E-07
5.297996E-01  2.390311E-07  2.193587E-07
5.317836E-01  2.211463E-07  2.031928E-07
5.337675E-01  2.048577E-07  1.885468E-07
5.357515E-01  1.899897E-07  1.752803E-07
5.377355E-01  1.763705E-07  1.632463E-07
5.397194E-01  1.638321E-07  1.522853E-07
5.417034E-01  1.522099E-07  1.422224E-07
5.436874E-01  1.413428E-07  1.328654E-07
5.456713E-01  1.310734E-07  1.240071E-07
5.476553E-01  1.212473E-07  1.154299E-07
5.496393E-01  1.117136E-07  1.069147E-07
5.516232E-01  1.027482E-07  9.859287E-08
5.536072E-01  9.501704E-08  9.101974E-08
5.555912E-01  8.838034E-08  8.424549E-08
5.575752E-01  8.268067E-08  7.836984E-08
5.595591E-01  7.776383E-08  7.351254E-08
5.615431E-01  7.347882E-08  6.975704E-08
5.635271E-01  6.967778E-08  6.709294E-08
5.655110E-01  6.621589E-08  6.537636E-08
5.674950E-01  6.295132E-08  6.432585E-08
5.694790E-01  5.974520E-08  6.355457E-08
5.714629E-01  5.646152E-08  6.262073E-08
5.734469E-01  5.296710E-08  6.107460E-08
5.754309E-01  4.914175E-08  5.849536E-08
5.774148E-01  4.518817E-08  5.472794E-08
5.793988E-01  4.125823E-08  4.997483E-08
5.813828E-01  3.738697E-08  4.455561E-08
5.833667E-01  3.360872E-08  3.889567E-08
5.853507E-01  2.995710E-08  3.353848E-08
5.873347E-01  2.646504E-08  2.914886E-08
5.893186E-01  2.316480E-08  2.640644E-08
5.913026E-01  2.008798E-08  2.566369E-08
5.932866E-01  1.726553E-08  2.659414E-08
5.952705E-01  1.472776E-08  2.834598E-08
5.972545E-01  1.250434E-08  3.000537E-08
5.992385E-01  1.062437E-08  3.083955E-08
6.012224E-01  9.147598E-09  3.035021E-08
6.032064E-01  8.176114E-09  2.854508E-08
6.051904E-01  7.644744E-09  2.575121E-08
6.071743E-01  7.475015E-09  2.245558E-08
6.091583E-01  7.589954E-09  1.936368E-08
6.111423E-01  7.914061E-09  1.743762E-08
6.131263E-01  8.373283E-09  1.755882E-08
6.151102E-01  8.894983E-09  1.974941E-08
6.170942E-01  9.407920E-09  2.317306E-08
6.190782E-01  9.842215E-09  2.690341E-08
6.210621E-01  1.012933E-08  3.025129E-08
6.230461E-01  1.020205E-08  3.271904E-08
6.250301E-01  9.994462E-09  3.391874E-08
6.270140E-01  9.548204E-09  3.377387E-08
6.289980E-01  8.961749E-09  3.253927E-08
6.309820E-01  8.262893E-09  3.039591E-08
6.329659E-01  7.478915E-09  2.752793E-08
6.349499E-01  6.636592E-09  2.411991E-08
6.369339E-01  5.762206E-09  2.035591E-08
6.389178E-01  4.881553E-09  1.641967E-08
6.409018E-01  4.019951E-09  1.249657E-08
6.428858E-01  3.202251E-09  8.780305E-09
6.448697E-01  2.452843E-09  5.498023E-09
6.468537E-01  1.795663E-09  3.026802E-09
6.488377E-01  1.254207E-09  2.185878E-09
6.508216E-01  8.462198E-10  2.729790E-09
6.528056E-01  5.370757E-10  3.420226E-09
6.547896E-01  3.068399E-10  3.936565E-09
6.567735E-01  1.444600E-10  4.229529E-09
6.587575E-01  3.907814E-11  4.319806E-09
6.607415E-01  -1.997194E-11  4.248457E-09
6.627255E-01  -4.316849E-11  4.063595E-09
6.647094E-01  -4.080487E-11  3.815185E-09
6.666934E-01  -2.299281E-11  3.551042E-09
6.686774E-01  3.344647E-13  3.311617E-09
6.706613E-01  1.941920E-11  3.123570E-09
6.726453E-01  2.467606E-11  2.995684E-09
6.746293E-01  6.689175E-12  2.923289E-09
6.766132E-01  -2.761006E-11  2.866276E-09
6.785972E-01  -5.133764E-11  2.758794E-09
6.805812E-01  -6.528380E-11  2.609745E-09
6.825651E-01  -7.102259E-11  2.430767E-09
6.845491E-01  -7.010122E-11  2.234063E-09
6.865331E-01  -6.404058E-11  2.032221E-09
6.885170E-01  -5.433561E-11  1.837863E-09
6.905010E-01  -4.245579E-11  1.662827E-09
6.924850E-01  -2.984550E-11  1.516583E-09
6.944689E-01  -1.792451E-11  1.403911E-09
6.964529E-01  -8.088339E-12  1.322775E-09
6.984369E-01  -1.708677E-12  1.264069E-09
7.004208E-01  0.000000E+00  1.213891E-09
7.024048E-01  0.000000E+00  1.152475E-09
7.043888E-01  0.000000E+00  1.073926E-09
7.063727E-01  0.000000E+00  9.798910E-10
7.083567E-01  0.000000E+00  8.737892E-10
7.103407E-01  0.000000E+00  7.604003E-10
7.123246E-01  0.000000E+00  6.458020E-10
7.143086E-01  0.000000E+00  5.376299E-10
7.162926E-01  0.000000E+00  4.454695E-10
7.182766E-01  0.000000E+00  3.802289E-10
7.202605E-01  0.000000E+00  3.495602E-10
7.222445E-01  0.000000E+00  3.499500E-10
7.242285E-01  0.000000E+00  3.667670E-10
7.262124E-01  0.000000E+00  3.853867E-10
7.281964E-01  0.000000E+00  4.021308E-10
7.301804E-01  0.000000E+00  4.152008E-10
7.321643E-01  0.000000E+00  4.243349E-10
7.341483E-01  0.000000E+00  4.302885E-10
7.361323E-01  0.000000E+00  4.342972E-10
7.381162E-01  0.000000E+00  4.377420E-10
7.401002E-01  0.000000E+00  4.419191E-10
7.420842E-01  0.000000E+00  4.478826E-10
7.440681E-01  0.000000E+00  4.563637E-10
7.460521E-01  0.000000E+00  4.677799E-10
7.480361E-01  0.000000E+00  4.823358E-10
7.500200E-01  0.000000E+00  5.001977E-10
7.520040E-01  0.000000E+00  5.205255E-10
7.539880E-01  0.000000E+00  5.423129E-10
7.559719E-01  0.000000E+00  5.655260E-10
7.579559E-01  0.000000E+00  5.901349E-10
7.599399E-01  0.000000E+00  6.160999E-10
7.619238E-01  0.000000E+00  6.433641E-10
7.639078E-01  0.000000E+00  6.718514E-10
7.658918E-01  0.000000E+00  7.014663E-10
7.678758E-01  0.000000E+00  7.320974E-10
7.698597E-01  0.000000E+00  7.636215E-10
7.718437E-01  0.000000E+00  7.959091E-10
7.738277E-01  0.000000E+00  8.288295E-10
7.758116E-01  0.000000E+00  8.622585E-10
7.777956E-01  0.000000E+00  8.961678E-10
7.797796E-01  0.000000E+00  9.306448E-10
7.817635E-01  0.000000E+00  9.657859E-10
7.837475E-01  0.000000E+00  1.001688E-09
7.857315E-01  0.000000E+00  1.038447E-09
7.877154E-01  0.000000E+00  1.076159E-09
7.896994E-01  0.000000E+00  1.114917E-09
7.916834E-01  0.000000E+00  1.154812E-09
7.936673E-01  0.000000E+00  1.195936E-09
7.956513E-01  0.000000E+00  1.238377E-09
7.976353E-01  0.000000E+00  1.282221E-09
7.996192E-01  0.000000E+00  1.327554E-09
8.016032E-01  2.039599E-15  1.374170E-09
8.035872E-01  9.310650E-15  1.421589E-09
8.055711E-01  2.030167E-14  1.469917E-09
8.075551E-01  3.339980E-14  1.519274E-09
8.095391E-01  4.701579E-14  1.569778E-09
8.115230E-01  5.958357E-14  1.621546E-09
8.135070E-01  6.956002E-14  1.674691E-09
8.154910E-01  7.542457E-14  1.729325E-09
8.174749E-01  7.567893E-14  1.785560E-09
8.194589E-01  6.884672E-14  1.843504E-09
8.214429E-01  5.347322E-14  1.903264E-09
8.234269E-01  2.812504E-14  1.964947E-09
8.254108E-01  -8.891563E-15  2.028630E-09
8.273948E-01  -6.615632E-14  2.093666E-09
8.293788E-01  -1.435686E-13  2.159847E-09
8.313627E-01  -2.363072E-13  2.227335E-09
8.333467E-01  -3.396190E-13  2.296288E-09
8.353307E-01  -4.488177E-13  2.366863E-09
8.373146E-01  -5.592838E-13  2.439214E-09
8.392986E-01  -6.664627E-13  2.513490E-09
8.412826E-01  -7.658643E-13  2.589843E-09
8.432665E-01  -8.530620E-13  2.668418E-09
8.452505E-01  -9.236922E-13  2.749360E-09
8.472345E-01  -9.734525E-13  2.832811E-09
8.492184E-01  -9.981021E-13  2.918911E-09
8.512024E-01  -9.935892E-13  3.007542E-09
8.531864E-01  -9.601537E-13  3.097831E-09
8.551703E-01  -9.024214E-13  3.189850E-09
8.571543E-01  -8.251307E-13  3.283777E-09
8.591383E-01  -7.329548E-13  3.379789E-09
8.611222E-01  -6.305035E-13  3.478059E-09
8.631062E-01  -5.223231E-13  3.578758E-09
8.650902E-01  -4.128981E-13  3.682055E-09
8.670741E-01  -3.066513E-13  3.788116E-09
8.690581E-01  -2.079452E-13  3.897106E-09
8.710421E-01  -1.210823E-13  4.009186E-09
8.730261E-01  -5.030633E-14  4.124515E-09
8.750100E-01  1.973328E-16  4.243249E-09
8.769940E-01  3.209707E-14  4.364934E-09
8.789780E-01  5.116927E-14  4.489093E-09
8.809619E-01  5.955390E-14  4.615835E-09
8.829459E-01  5.936254E-14  4.745264E-09
8.849299E-01  5.267873E-14  4.877485E-09
8.869138E-01  4.155833E-14  5.012600E-09
8.888978E-01  2.802989E-14  5.150712E-09
8.908818E-01  1.409499E-14  5.291920E-09
8.928657E-01  1.728618E-15  5.436323E-09
8.948497E-01  -7.120531E-15  5.584017E-09
8.968337E-01  -1.052967E-14  5.735098E-09
8.988176E-01  -6.601623E-15  5.889660E-09
9.008016E-01  6.096763E-15  6.047796E-09
9.027856E-01  2.457001E-14  6.209599E-09
9.047695E-01  4.723904E-14  6.375192E-09
9.067535E-01  7.333345E-14  6.544696E-09
9.087375E-01  1.020928E-13  6.718234E-09
9.107214E-01  1.327664E-13  6.895925E-09
9.127054E-01  1.646134E-13  7.077887E-09
9.146894E-01  1.969024E-13  7.264236E-09
9.166733E-01  2.289116E-13  7.455087E-09
9.186573E-01  2.599284E-13  7.650554E-09
9.206413E-01  2.893535E-13  7.850672E-09
9.226253E-01  3.181703E-13  8.054578E-09
9.246092E-01  3.469224E-13  8.262226E-09
9.265932E-01  3.757599E-13  8.473911E-09
9.285772E-01  4.048310E-13  8.689923E-09
9.305611E-01  4.342818E-13  8.910549E-09
9.325451E-01  4.642569E-13  9.136071E-09
9.345291E-01  4.948987E-13  9.366769E-09
9.365130E-01  5.263480E-13  9.602917E-09
9.384970E-01  5.587437E-13  9.844787E-09
9.404810E-01  5.922045E-13  1.009258E-08
9.424649E-01  6.264109E-13  1.034515E-08
9.444489E-01  6.612336E-13  1.060220E-08
9.464329E-01  6.967146E-13  1.086406E-08
9.484168E-01  7.328955E-13  1.113107E-08
9.504008E-01  7.698172E-13  1.140354E-08
9.523848E-01  8.075204E-13  1.168178E-08
9.543687E-01  8.460448E-13  1.196612E-08
9.563527E-01  8.854299E-13  1.225686E-08
9.583367E-01  9.257146E-13  1.255431E-08
9.603206E-01  9.669337E-13  1.285873E-08
9.623046E-01  1.008946E-12  1.316895E-08
9.642886E-01  1.051693E-12  1.348450E-08
9.662725E-01  1.095216E-12  1.380574E-08
9.682565E-01  1.139554E-12  1.413303E-08
9.702405E-01  1.184748E-12  1.446672E-08
9.722244E-01  1.230836E-12  1.480715E-08
9.742084E-01  1.277856E-12  1.515467E-08
9.761924E-01  1.325848E-12  1.550962E-08
9.781764E-01  1.374848E-12  1.587232E-08
9.801603E-01  1.424897E-12  1.624314E-08
9.821443E-01  1.476489E-12  1.662577E-08
9.841283E-01  1.529737E-12  1.702101E-08
9.861122E-01  1.584319E-12  1.742640E-08
9.880962E-01  1.639912E-12  1.783952E-08
9.900802E-01  1.696203E-12  1.825795E-08
9.920641E-01  1.752877E-12  1.867932E-08
9.940481E-01  1.809628E-12  1.910128E-08
9.960321E-01  1.866148E-12  1.952152E-08
9.980160E-01  1.922138E-12  1.993775E-08
1.000000E+00  1.977300E-12  2.034769E-08
