MMHT2014nlo68cl	1.00 GeV^2
x  xs-  delta_xs-
1.000000E-04  -2.076100E-03  1.729150E-03
1.009253E-04  -2.080361E-03  1.732647E-03
1.018591E-04  -2.084624E-03  1.736147E-03
1.028016E-04  -2.088891E-03  1.739650E-03
1.037528E-04  -2.093161E-03  1.743156E-03
1.047129E-04  -2.097433E-03  1.746665E-03
1.056818E-04  -2.101710E-03  1.750176E-03
1.066596E-04  -2.105989E-03  1.753691E-03
1.076465E-04  -2.110272E-03  1.757208E-03
1.086426E-04  -2.114559E-03  1.760729E-03
1.096478E-04  -2.118849E-03  1.764253E-03
1.106624E-04  -2.123142E-03  1.767779E-03
1.116863E-04  -2.127440E-03  1.771309E-03
1.127197E-04  -2.131742E-03  1.774842E-03
1.137627E-04  -2.136047E-03  1.778378E-03
1.148154E-04  -2.140357E-03  1.781918E-03
1.158777E-04  -2.144670E-03  1.785460E-03
1.169499E-04  -2.148988E-03  1.789006E-03
1.180321E-04  -2.153311E-03  1.792556E-03
1.191242E-04  -2.157637E-03  1.796109E-03
1.202264E-04  -2.161968E-03  1.799665E-03
1.213389E-04  -2.166304E-03  1.803224E-03
1.224616E-04  -2.170645E-03  1.806788E-03
1.235947E-04  -2.174990E-03  1.810354E-03
1.247384E-04  -2.179340E-03  1.813925E-03
1.258925E-04  -2.183695E-03  1.817499E-03
1.270574E-04  -2.188055E-03  1.821076E-03
1.282331E-04  -2.192420E-03  1.824657E-03
1.294196E-04  -2.196790E-03  1.828242E-03
1.306171E-04  -2.201166E-03  1.831831E-03
1.318257E-04  -2.205547E-03  1.835424E-03
1.330454E-04  -2.209933E-03  1.839020E-03
1.342765E-04  -2.214325E-03  1.842620E-03
1.355189E-04  -2.218723E-03  1.846225E-03
1.367729E-04  -2.223127E-03  1.849833E-03
1.380384E-04  -2.227536E-03  1.853445E-03
1.393157E-04  -2.231951E-03  1.857061E-03
1.406048E-04  -2.236372E-03  1.860681E-03
1.419058E-04  -2.240799E-03  1.864306E-03
1.432188E-04  -2.245233E-03  1.867934E-03
1.445440E-04  -2.249672E-03  1.871567E-03
1.458814E-04  -2.254118E-03  1.875204E-03
1.472313E-04  -2.258571E-03  1.878845E-03
1.485936E-04  -2.263030E-03  1.882491E-03
1.499685E-04  -2.267495E-03  1.886140E-03
1.513561E-04  -2.271967E-03  1.889795E-03
1.527566E-04  -2.276446E-03  1.893453E-03
1.541700E-04  -2.280932E-03  1.897116E-03
1.555966E-04  -2.285425E-03  1.900784E-03
1.570363E-04  -2.289925E-03  1.904456E-03
1.584893E-04  -2.294432E-03  1.908132E-03
1.599558E-04  -2.298946E-03  1.911813E-03
1.614359E-04  -2.303468E-03  1.915499E-03
1.629296E-04  -2.307997E-03  1.919190E-03
1.644372E-04  -2.312534E-03  1.922885E-03
1.659587E-04  -2.317078E-03  1.926585E-03
1.674943E-04  -2.321629E-03  1.930289E-03
1.690441E-04  -2.326189E-03  1.933999E-03
1.706082E-04  -2.330756E-03  1.937713E-03
1.721869E-04  -2.335331E-03  1.941433E-03
1.737801E-04  -2.339915E-03  1.945157E-03
1.753881E-04  -2.344506E-03  1.948886E-03
1.770109E-04  -2.349105E-03  1.952620E-03
1.786488E-04  -2.353713E-03  1.956360E-03
1.803018E-04  -2.358329E-03  1.960104E-03
1.819701E-04  -2.362954E-03  1.963854E-03
1.836538E-04  -2.367587E-03  1.967608E-03
1.853532E-04  -2.372229E-03  1.971368E-03
1.870682E-04  -2.376880E-03  1.975133E-03
1.887991E-04  -2.381539E-03  1.978904E-03
1.905461E-04  -2.386207E-03  1.982679E-03
1.923092E-04  -2.390884E-03  1.986460E-03
1.940886E-04  -2.395571E-03  1.990247E-03
1.958845E-04  -2.400266E-03  1.994039E-03
1.976970E-04  -2.404971E-03  1.997836E-03
1.995262E-04  -2.409685E-03  2.001639E-03
2.013724E-04  -2.414408E-03  2.005448E-03
2.032357E-04  -2.419141E-03  2.009265E-03
2.051162E-04  -2.423885E-03  2.013088E-03
2.070141E-04  -2.428637E-03  2.016919E-03
2.089296E-04  -2.433399E-03  2.020758E-03
2.108628E-04  -2.438171E-03  2.024603E-03
2.128139E-04  -2.442952E-03  2.028455E-03
2.147830E-04  -2.447742E-03  2.032314E-03
2.167704E-04  -2.452541E-03  2.036179E-03
2.187762E-04  -2.457349E-03  2.040051E-03
2.208005E-04  -2.462166E-03  2.043930E-03
2.228435E-04  -2.466992E-03  2.047815E-03
2.249055E-04  -2.471826E-03  2.051706E-03
2.269865E-04  -2.476669E-03  2.055603E-03
2.290868E-04  -2.481520E-03  2.059506E-03
2.312065E-04  -2.486380E-03  2.063415E-03
2.333458E-04  -2.491248E-03  2.067330E-03
2.355049E-04  -2.496124E-03  2.071250E-03
2.376840E-04  -2.501008E-03  2.075176E-03
2.398833E-04  -2.505900E-03  2.079107E-03
2.421029E-04  -2.510800E-03  2.083043E-03
2.443431E-04  -2.515707E-03  2.086985E-03
2.466039E-04  -2.520622E-03  2.090931E-03
2.488857E-04  -2.525545E-03  2.094883E-03
2.511886E-04  -2.530475E-03  2.098839E-03
2.535129E-04  -2.535412E-03  2.102800E-03
2.558586E-04  -2.540356E-03  2.106765E-03
2.582260E-04  -2.545308E-03  2.110735E-03
2.606154E-04  -2.550266E-03  2.114709E-03
2.630268E-04  -2.555231E-03  2.118688E-03
2.654606E-04  -2.560203E-03  2.122670E-03
2.679168E-04  -2.565182E-03  2.126657E-03
2.703958E-04  -2.570167E-03  2.130647E-03
2.728978E-04  -2.575159E-03  2.134641E-03
2.754229E-04  -2.580157E-03  2.138639E-03
2.779713E-04  -2.585161E-03  2.142640E-03
2.805434E-04  -2.590171E-03  2.146645E-03
2.831392E-04  -2.595187E-03  2.150653E-03
2.857591E-04  -2.600210E-03  2.154664E-03
2.884032E-04  -2.605238E-03  2.158678E-03
2.910717E-04  -2.610271E-03  2.162695E-03
2.937650E-04  -2.615310E-03  2.166715E-03
2.964831E-04  -2.620355E-03  2.170737E-03
2.992265E-04  -2.625405E-03  2.174763E-03
3.019952E-04  -2.630460E-03  2.178790E-03
3.047895E-04  -2.635521E-03  2.182820E-03
3.076097E-04  -2.640586E-03  2.186852E-03
3.104560E-04  -2.645657E-03  2.190887E-03
3.133286E-04  -2.650732E-03  2.194923E-03
3.162278E-04  -2.655812E-03  2.198961E-03
3.191538E-04  -2.660897E-03  2.203001E-03
3.221069E-04  -2.665986E-03  2.207042E-03
3.250873E-04  -2.671079E-03  2.211086E-03
3.280953E-04  -2.676177E-03  2.215130E-03
3.311311E-04  -2.681279E-03  2.219176E-03
3.341950E-04  -2.686386E-03  2.223223E-03
3.372873E-04  -2.691496E-03  2.227271E-03
3.404082E-04  -2.696610E-03  2.231320E-03
3.435579E-04  -2.701728E-03  2.235370E-03
3.467369E-04  -2.706849E-03  2.239420E-03
3.499452E-04  -2.711974E-03  2.243472E-03
3.531832E-04  -2.717103E-03  2.247523E-03
3.564511E-04  -2.722235E-03  2.251575E-03
3.597493E-04  -2.727370E-03  2.255628E-03
3.630781E-04  -2.732508E-03  2.259680E-03
3.664376E-04  -2.737649E-03  2.263733E-03
3.698282E-04  -2.742793E-03  2.267785E-03
3.732502E-04  -2.747940E-03  2.271837E-03
3.767038E-04  -2.753090E-03  2.275889E-03
3.801894E-04  -2.758243E-03  2.279941E-03
3.837072E-04  -2.763397E-03  2.283992E-03
3.872576E-04  -2.768555E-03  2.288042E-03
3.908409E-04  -2.773714E-03  2.292092E-03
3.944573E-04  -2.778876E-03  2.296140E-03
3.981072E-04  -2.784040E-03  2.300188E-03
4.017908E-04  -2.789207E-03  2.304235E-03
4.055085E-04  -2.794385E-03  2.308289E-03
4.092607E-04  -2.799576E-03  2.312350E-03
4.130475E-04  -2.804779E-03  2.316418E-03
4.168694E-04  -2.809993E-03  2.320492E-03
4.207266E-04  -2.815219E-03  2.324572E-03
4.246196E-04  -2.820456E-03  2.328658E-03
4.285485E-04  -2.825704E-03  2.332750E-03
4.325138E-04  -2.830962E-03  2.336847E-03
4.365158E-04  -2.836230E-03  2.340949E-03
4.405549E-04  -2.841507E-03  2.345056E-03
4.446313E-04  -2.846794E-03  2.349167E-03
4.487454E-04  -2.852090E-03  2.353282E-03
4.528976E-04  -2.857394E-03  2.357400E-03
4.570882E-04  -2.862707E-03  2.361522E-03
4.613176E-04  -2.868027E-03  2.365647E-03
4.655861E-04  -2.873355E-03  2.369775E-03
4.698941E-04  -2.878690E-03  2.373905E-03
4.742420E-04  -2.884032E-03  2.378037E-03
4.786301E-04  -2.889381E-03  2.382172E-03
4.830588E-04  -2.894736E-03  2.386307E-03
4.875285E-04  -2.900096E-03  2.390444E-03
4.920395E-04  -2.905462E-03  2.394582E-03
4.965923E-04  -2.910833E-03  2.398720E-03
5.011872E-04  -2.916209E-03  2.402859E-03
5.058247E-04  -2.921589E-03  2.406997E-03
5.105050E-04  -2.926974E-03  2.411136E-03
5.152286E-04  -2.932362E-03  2.415273E-03
5.199960E-04  -2.937753E-03  2.419410E-03
5.248075E-04  -2.943148E-03  2.423545E-03
5.296634E-04  -2.948545E-03  2.427679E-03
5.345644E-04  -2.953945E-03  2.431811E-03
5.395106E-04  -2.959346E-03  2.435940E-03
5.445027E-04  -2.964750E-03  2.440068E-03
5.495409E-04  -2.970154E-03  2.444192E-03
5.546257E-04  -2.975560E-03  2.448313E-03
5.597576E-04  -2.980966E-03  2.452431E-03
5.649370E-04  -2.986372E-03  2.456545E-03
5.701643E-04  -2.991778E-03  2.460655E-03
5.754399E-04  -2.997184E-03  2.464760E-03
5.807644E-04  -3.002589E-03  2.468861E-03
5.861382E-04  -3.007993E-03  2.472957E-03
5.915616E-04  -3.013396E-03  2.477047E-03
5.970353E-04  -3.018796E-03  2.481132E-03
6.025596E-04  -3.024196E-03  2.485212E-03
6.081350E-04  -3.029603E-03  2.489293E-03
6.137620E-04  -3.035017E-03  2.493375E-03
6.194411E-04  -3.040439E-03  2.497458E-03
6.251727E-04  -3.045869E-03  2.501543E-03
6.309573E-04  -3.051304E-03  2.505627E-03
6.367955E-04  -3.056746E-03  2.509712E-03
6.426877E-04  -3.062194E-03  2.513796E-03
6.486344E-04  -3.067647E-03  2.517879E-03
6.546362E-04  -3.073105E-03  2.521961E-03
6.606934E-04  -3.078567E-03  2.526041E-03
6.668068E-04  -3.084033E-03  2.530119E-03
6.729767E-04  -3.089502E-03  2.534195E-03
6.792036E-04  -3.094974E-03  2.538267E-03
6.854882E-04  -3.100449E-03  2.542337E-03
6.918310E-04  -3.105925E-03  2.546402E-03
6.982324E-04  -3.111403E-03  2.550464E-03
7.046931E-04  -3.116882E-03  2.554521E-03
7.112135E-04  -3.122362E-03  2.558573E-03
7.177943E-04  -3.127842E-03  2.562619E-03
7.244360E-04  -3.133321E-03  2.566660E-03
7.311391E-04  -3.138800E-03  2.570695E-03
7.379042E-04  -3.144277E-03  2.574723E-03
7.447320E-04  -3.149753E-03  2.578744E-03
7.516229E-04  -3.155226E-03  2.582758E-03
7.585776E-04  -3.160697E-03  2.586764E-03
7.655966E-04  -3.166164E-03  2.590762E-03
7.726806E-04  -3.171628E-03  2.594751E-03
7.798301E-04  -3.177088E-03  2.598731E-03
7.870458E-04  -3.182543E-03  2.602702E-03
7.943282E-04  -3.187993E-03  2.606663E-03
8.016781E-04  -3.193439E-03  2.610615E-03
8.090959E-04  -3.198893E-03  2.614576E-03
8.165824E-04  -3.204360E-03  2.618554E-03
8.241381E-04  -3.209838E-03  2.622544E-03
8.317638E-04  -3.215325E-03  2.626542E-03
8.394600E-04  -3.220818E-03  2.630546E-03
8.472274E-04  -3.226316E-03  2.634552E-03
8.550667E-04  -3.231817E-03  2.638556E-03
8.629785E-04  -3.237319E-03  2.642556E-03
8.709636E-04  -3.242819E-03  2.646546E-03
8.790225E-04  -3.248315E-03  2.650525E-03
8.871560E-04  -3.253805E-03  2.654488E-03
8.953648E-04  -3.259288E-03  2.658432E-03
9.036495E-04  -3.264760E-03  2.662354E-03
9.120108E-04  -3.270220E-03  2.666249E-03
9.204496E-04  -3.275667E-03  2.670116E-03
9.289664E-04  -3.281097E-03  2.673949E-03
9.375620E-04  -3.286508E-03  2.677747E-03
9.462372E-04  -3.291900E-03  2.681505E-03
9.549926E-04  -3.297268E-03  2.685220E-03
9.638290E-04  -3.302612E-03  2.688888E-03
9.727472E-04  -3.307930E-03  2.692507E-03
9.817479E-04  -3.313218E-03  2.696072E-03
9.908319E-04  -3.318475E-03  2.699581E-03
1.000000E-03  -3.323700E-03  2.703030E-03
1.009253E-03  -3.328916E-03  2.706458E-03
1.018591E-03  -3.334149E-03  2.709906E-03
1.028016E-03  -3.339398E-03  2.713374E-03
1.037528E-03  -3.344662E-03  2.716858E-03
1.047129E-03  -3.349941E-03  2.720359E-03
1.056818E-03  -3.355232E-03  2.723875E-03
1.066596E-03  -3.360536E-03  2.727404E-03
1.076465E-03  -3.365851E-03  2.730946E-03
1.086426E-03  -3.371176E-03  2.734498E-03
1.096478E-03  -3.376511E-03  2.738061E-03
1.106624E-03  -3.381854E-03  2.741632E-03
1.116863E-03  -3.387204E-03  2.745210E-03
1.127197E-03  -3.392561E-03  2.748794E-03
1.137627E-03  -3.397924E-03  2.752383E-03
1.148154E-03  -3.403292E-03  2.755975E-03
1.158777E-03  -3.408663E-03  2.759569E-03
1.169499E-03  -3.414036E-03  2.763164E-03
1.180321E-03  -3.419412E-03  2.766759E-03
1.191242E-03  -3.424789E-03  2.770352E-03
1.202264E-03  -3.430165E-03  2.773942E-03
1.213389E-03  -3.435540E-03  2.777527E-03
1.224616E-03  -3.440914E-03  2.781108E-03
1.235947E-03  -3.446284E-03  2.784682E-03
1.247384E-03  -3.451651E-03  2.788247E-03
1.258925E-03  -3.457012E-03  2.791804E-03
1.270574E-03  -3.462368E-03  2.795350E-03
1.282331E-03  -3.467718E-03  2.798884E-03
1.294196E-03  -3.473059E-03  2.802406E-03
1.306171E-03  -3.478392E-03  2.805913E-03
1.318257E-03  -3.483715E-03  2.809405E-03
1.330454E-03  -3.489028E-03  2.812880E-03
1.342765E-03  -3.494330E-03  2.816338E-03
1.355189E-03  -3.499619E-03  2.819776E-03
1.367729E-03  -3.504894E-03  2.823194E-03
1.380384E-03  -3.510156E-03  2.826591E-03
1.393157E-03  -3.515402E-03  2.829965E-03
1.406048E-03  -3.520631E-03  2.833315E-03
1.419058E-03  -3.525844E-03  2.836640E-03
1.432188E-03  -3.531039E-03  2.839938E-03
1.445440E-03  -3.536214E-03  2.843209E-03
1.458814E-03  -3.541370E-03  2.846451E-03
1.472313E-03  -3.546505E-03  2.849663E-03
1.485936E-03  -3.551617E-03  2.852844E-03
1.499685E-03  -3.556707E-03  2.855992E-03
1.513561E-03  -3.561774E-03  2.859107E-03
1.527566E-03  -3.566815E-03  2.862187E-03
1.541700E-03  -3.571831E-03  2.865232E-03
1.555966E-03  -3.576820E-03  2.868239E-03
1.570363E-03  -3.581781E-03  2.871208E-03
1.584893E-03  -3.586714E-03  2.874138E-03
1.599558E-03  -3.591618E-03  2.877027E-03
1.614359E-03  -3.596491E-03  2.879874E-03
1.629296E-03  -3.601333E-03  2.882679E-03
1.644372E-03  -3.606143E-03  2.885439E-03
1.659587E-03  -3.610919E-03  2.888155E-03
1.674943E-03  -3.615661E-03  2.890824E-03
1.690441E-03  -3.620368E-03  2.893445E-03
1.706082E-03  -3.625039E-03  2.896018E-03
1.721869E-03  -3.629672E-03  2.898542E-03
1.737801E-03  -3.634268E-03  2.901015E-03
1.753881E-03  -3.638825E-03  2.903435E-03
1.770109E-03  -3.643342E-03  2.905803E-03
1.786488E-03  -3.647818E-03  2.908117E-03
1.803018E-03  -3.652252E-03  2.910375E-03
1.819701E-03  -3.656644E-03  2.912578E-03
1.836538E-03  -3.660992E-03  2.914723E-03
1.853532E-03  -3.665295E-03  2.916810E-03
1.870682E-03  -3.669553E-03  2.918837E-03
1.887991E-03  -3.673764E-03  2.920804E-03
1.905461E-03  -3.677928E-03  2.922709E-03
1.923092E-03  -3.682043E-03  2.924552E-03
1.940886E-03  -3.686109E-03  2.926331E-03
1.958845E-03  -3.690125E-03  2.928046E-03
1.976970E-03  -3.694089E-03  2.929695E-03
1.995262E-03  -3.698001E-03  2.931277E-03
2.013724E-03  -3.701874E-03  2.932809E-03
2.032357E-03  -3.705742E-03  2.934329E-03
2.051162E-03  -3.709604E-03  2.935840E-03
2.070141E-03  -3.713461E-03  2.937340E-03
2.089296E-03  -3.717311E-03  2.938828E-03
2.108628E-03  -3.721153E-03  2.940303E-03
2.128139E-03  -3.724985E-03  2.941763E-03
2.147830E-03  -3.728808E-03  2.943209E-03
2.167704E-03  -3.732620E-03  2.944638E-03
2.187762E-03  -3.736419E-03  2.946050E-03
2.208005E-03  -3.740205E-03  2.947443E-03
2.228435E-03  -3.743976E-03  2.948818E-03
2.249055E-03  -3.747732E-03  2.950171E-03
2.269865E-03  -3.751472E-03  2.951503E-03
2.290868E-03  -3.755193E-03  2.952813E-03
2.312065E-03  -3.758897E-03  2.954099E-03
2.333458E-03  -3.762580E-03  2.955361E-03
2.355049E-03  -3.766243E-03  2.956597E-03
2.376840E-03  -3.769884E-03  2.957807E-03
2.398833E-03  -3.773502E-03  2.958989E-03
2.421029E-03  -3.777097E-03  2.960142E-03
2.443431E-03  -3.780666E-03  2.961266E-03
2.466039E-03  -3.784209E-03  2.962359E-03
2.488857E-03  -3.787725E-03  2.963421E-03
2.511886E-03  -3.791213E-03  2.964451E-03
2.535129E-03  -3.794671E-03  2.965447E-03
2.558586E-03  -3.798099E-03  2.966409E-03
2.582260E-03  -3.801496E-03  2.967335E-03
2.606154E-03  -3.804860E-03  2.968225E-03
2.630268E-03  -3.808191E-03  2.969078E-03
2.654606E-03  -3.811487E-03  2.969893E-03
2.679168E-03  -3.814748E-03  2.970668E-03
2.703958E-03  -3.817972E-03  2.971404E-03
2.728978E-03  -3.821158E-03  2.972099E-03
2.754229E-03  -3.824305E-03  2.972752E-03
2.779713E-03  -3.827413E-03  2.973362E-03
2.805434E-03  -3.830479E-03  2.973929E-03
2.831392E-03  -3.833504E-03  2.974451E-03
2.857591E-03  -3.836485E-03  2.974928E-03
2.884032E-03  -3.839422E-03  2.975359E-03
2.910717E-03  -3.842314E-03  2.975743E-03
2.937650E-03  -3.845160E-03  2.976079E-03
2.964831E-03  -3.847959E-03  2.976367E-03
2.992265E-03  -3.850709E-03  2.976604E-03
3.019952E-03  -3.853409E-03  2.976792E-03
3.047895E-03  -3.856059E-03  2.976929E-03
3.076097E-03  -3.858658E-03  2.977013E-03
3.104560E-03  -3.861204E-03  2.977045E-03
3.133286E-03  -3.863696E-03  2.977024E-03
3.162278E-03  -3.866133E-03  2.976948E-03
3.191538E-03  -3.868515E-03  2.976817E-03
3.221069E-03  -3.870839E-03  2.976631E-03
3.250873E-03  -3.873106E-03  2.976389E-03
3.280953E-03  -3.875314E-03  2.976089E-03
3.311311E-03  -3.877461E-03  2.975731E-03
3.341950E-03  -3.879548E-03  2.975315E-03
3.372873E-03  -3.881572E-03  2.974840E-03
3.404082E-03  -3.883533E-03  2.974305E-03
3.435579E-03  -3.885430E-03  2.973710E-03
3.467369E-03  -3.887261E-03  2.973053E-03
3.499452E-03  -3.889026E-03  2.972335E-03
3.531832E-03  -3.890723E-03  2.971555E-03
3.564511E-03  -3.892352E-03  2.970711E-03
3.597493E-03  -3.893911E-03  2.969804E-03
3.630781E-03  -3.895399E-03  2.968834E-03
3.664376E-03  -3.896816E-03  2.967798E-03
3.698282E-03  -3.898159E-03  2.966698E-03
3.732502E-03  -3.899429E-03  2.965532E-03
3.767038E-03  -3.900624E-03  2.964300E-03
3.801894E-03  -3.901743E-03  2.963002E-03
3.837072E-03  -3.902785E-03  2.961637E-03
3.872576E-03  -3.903748E-03  2.960204E-03
3.908409E-03  -3.904633E-03  2.958704E-03
3.944573E-03  -3.905437E-03  2.957135E-03
3.981072E-03  -3.906160E-03  2.955498E-03
4.017908E-03  -3.906800E-03  2.953791E-03
4.055085E-03  -3.907358E-03  2.952008E-03
4.092607E-03  -3.907833E-03  2.950150E-03
4.130475E-03  -3.908223E-03  2.948215E-03
4.168694E-03  -3.908528E-03  2.946205E-03
4.207266E-03  -3.908746E-03  2.944119E-03
4.246196E-03  -3.908878E-03  2.941958E-03
4.285485E-03  -3.908920E-03  2.939724E-03
4.325138E-03  -3.908874E-03  2.937415E-03
4.365158E-03  -3.908738E-03  2.935032E-03
4.405549E-03  -3.908510E-03  2.932577E-03
4.446313E-03  -3.908190E-03  2.930049E-03
4.487454E-03  -3.907777E-03  2.927449E-03
4.528976E-03  -3.907270E-03  2.924778E-03
4.570882E-03  -3.906668E-03  2.922035E-03
4.613176E-03  -3.905970E-03  2.919223E-03
4.655861E-03  -3.905175E-03  2.916340E-03
4.698941E-03  -3.904281E-03  2.913389E-03
4.742420E-03  -3.903289E-03  2.910369E-03
4.786301E-03  -3.902197E-03  2.907281E-03
4.830588E-03  -3.901004E-03  2.904126E-03
4.875285E-03  -3.899709E-03  2.900905E-03
4.920395E-03  -3.898312E-03  2.897619E-03
4.965923E-03  -3.896810E-03  2.894267E-03
5.011872E-03  -3.895204E-03  2.890851E-03
5.058247E-03  -3.893492E-03  2.887373E-03
5.105050E-03  -3.891673E-03  2.883832E-03
5.152286E-03  -3.889747E-03  2.880229E-03
5.199960E-03  -3.887712E-03  2.876566E-03
5.248075E-03  -3.885567E-03  2.872843E-03
5.296634E-03  -3.883312E-03  2.869061E-03
5.345644E-03  -3.880945E-03  2.865222E-03
5.395106E-03  -3.878466E-03  2.861326E-03
5.445027E-03  -3.875873E-03  2.857375E-03
5.495409E-03  -3.873165E-03  2.853369E-03
5.546257E-03  -3.870342E-03  2.849310E-03
5.597576E-03  -3.867403E-03  2.845198E-03
5.649370E-03  -3.864346E-03  2.841035E-03
5.701643E-03  -3.861171E-03  2.836822E-03
5.754399E-03  -3.857876E-03  2.832561E-03
5.807644E-03  -3.854461E-03  2.828252E-03
5.861382E-03  -3.850925E-03  2.823898E-03
5.915616E-03  -3.847267E-03  2.819498E-03
5.970353E-03  -3.843485E-03  2.815055E-03
6.025596E-03  -3.839577E-03  2.810568E-03
6.081350E-03  -3.835522E-03  2.806018E-03
6.137620E-03  -3.831316E-03  2.801406E-03
6.194411E-03  -3.826960E-03  2.796734E-03
6.251727E-03  -3.822451E-03  2.792005E-03
6.309573E-03  -3.817790E-03  2.787223E-03
6.367955E-03  -3.812977E-03  2.782389E-03
6.426877E-03  -3.808010E-03  2.777509E-03
6.486344E-03  -3.802889E-03  2.772584E-03
6.546362E-03  -3.797613E-03  2.767618E-03
6.606934E-03  -3.792182E-03  2.762615E-03
6.668068E-03  -3.786596E-03  2.757577E-03
6.729767E-03  -3.780853E-03  2.752509E-03
6.792036E-03  -3.774953E-03  2.747413E-03
6.854882E-03  -3.768896E-03  2.742294E-03
6.918310E-03  -3.762681E-03  2.737155E-03
6.982324E-03  -3.756307E-03  2.731999E-03
7.046931E-03  -3.749774E-03  2.726830E-03
7.112135E-03  -3.743081E-03  2.721653E-03
7.177943E-03  -3.736228E-03  2.716470E-03
7.244360E-03  -3.729214E-03  2.711286E-03
7.311391E-03  -3.722039E-03  2.706104E-03
7.379042E-03  -3.714701E-03  2.700929E-03
7.447320E-03  -3.707201E-03  2.695764E-03
7.516229E-03  -3.699538E-03  2.690614E-03
7.585776E-03  -3.691711E-03  2.685483E-03
7.655966E-03  -3.683720E-03  2.680375E-03
7.726806E-03  -3.675564E-03  2.675293E-03
7.798301E-03  -3.667242E-03  2.670243E-03
7.870458E-03  -3.658754E-03  2.665229E-03
7.943282E-03  -3.650100E-03  2.660255E-03
8.016781E-03  -3.641280E-03  2.655327E-03
8.090959E-03  -3.632332E-03  2.650477E-03
8.165824E-03  -3.623264E-03  2.645718E-03
8.241381E-03  -3.614062E-03  2.641046E-03
8.317638E-03  -3.604713E-03  2.636459E-03
8.394600E-03  -3.595205E-03  2.631952E-03
8.472274E-03  -3.585525E-03  2.627525E-03
8.550667E-03  -3.575660E-03  2.623177E-03
8.629785E-03  -3.565598E-03  2.618904E-03
8.709636E-03  -3.555325E-03  2.614708E-03
8.790225E-03  -3.544829E-03  2.610587E-03
8.871560E-03  -3.534098E-03  2.606542E-03
8.953648E-03  -3.523117E-03  2.602573E-03
9.036495E-03  -3.511875E-03  2.598683E-03
9.120108E-03  -3.500359E-03  2.594872E-03
9.204496E-03  -3.488556E-03  2.591143E-03
9.289664E-03  -3.476453E-03  2.587500E-03
9.375620E-03  -3.464037E-03  2.583945E-03
9.462372E-03  -3.451296E-03  2.580483E-03
9.549926E-03  -3.438216E-03  2.577119E-03
9.638290E-03  -3.424786E-03  2.573859E-03
9.727472E-03  -3.410992E-03  2.570709E-03
9.817479E-03  -3.396822E-03  2.567675E-03
9.908319E-03  -3.382262E-03  2.564766E-03
1.000000E-02  -3.367300E-03  2.561991E-03
1.198397E-02  -3.041927E-03  2.571495E-03
1.396794E-02  -2.681581E-03  2.691472E-03
1.595190E-02  -2.293859E-03  2.917017E-03
1.793587E-02  -1.893552E-03  3.220882E-03
1.991984E-02  -1.467912E-03  3.568075E-03
2.190381E-02  -1.026272E-03  3.950833E-03
2.388778E-02  -5.847907E-04  4.359017E-03
2.587174E-02  -1.443679E-04  4.771422E-03
2.785571E-02  2.943048E-04  5.175137E-03
2.983968E-02  7.306897E-04  5.562730E-03
3.182365E-02  1.167491E-03  5.945193E-03
3.380762E-02  1.607158E-03  6.328946E-03
3.579158E-02  2.047527E-03  6.698083E-03
3.777555E-02  2.486973E-03  7.042022E-03
3.975952E-02  2.924284E-03  7.354093E-03
4.174349E-02  3.358387E-03  7.644530E-03
4.372745E-02  3.787489E-03  7.931089E-03
4.571142E-02  4.209906E-03  8.209471E-03
4.769539E-02  4.624404E-03  8.476341E-03
4.967936E-02  5.030096E-03  8.729332E-03
5.166333E-02  5.426358E-03  8.966825E-03
5.364729E-02  5.812771E-03  9.187780E-03
5.563126E-02  6.189073E-03  9.391608E-03
5.761523E-02  6.555124E-03  9.578069E-03
5.959920E-02  6.910879E-03  9.747198E-03
6.158317E-02  7.259526E-03  9.901628E-03
6.356713E-02  7.606330E-03  1.004659E-02
6.555110E-02  7.949328E-03  1.018241E-02
6.753507E-02  8.286726E-03  1.030923E-02
6.951904E-02  8.617050E-03  1.042718E-02
7.150301E-02  8.939097E-03  1.053635E-02
7.348697E-02  9.251888E-03  1.063686E-02
7.547094E-02  9.554637E-03  1.072878E-02
7.745491E-02  9.846716E-03  1.081221E-02
7.943888E-02  1.012763E-02  1.088724E-02
8.142285E-02  1.039902E-02  1.095459E-02
8.340681E-02  1.066559E-02  1.101618E-02
8.539078E-02  1.092651E-02  1.107256E-02
8.737475E-02  1.118079E-02  1.112409E-02
8.935872E-02  1.142756E-02  1.117103E-02
9.134269E-02  1.166613E-02  1.121359E-02
9.332665E-02  1.189587E-02  1.125189E-02
9.531062E-02  1.211630E-02  1.128604E-02
9.729459E-02  1.232699E-02  1.131606E-02
9.927856E-02  1.252761E-02  1.134197E-02
1.012625E-01  1.271899E-02  1.136422E-02
1.032465E-01  1.290487E-02  1.138466E-02
1.052305E-01  1.308519E-02  1.140386E-02
1.072144E-01  1.325955E-02  1.142215E-02
1.091984E-01  1.342765E-02  1.143976E-02
1.111824E-01  1.358919E-02  1.145686E-02
1.131663E-01  1.374394E-02  1.147353E-02
1.151503E-01  1.389170E-02  1.148981E-02
1.171343E-01  1.403230E-02  1.150567E-02
1.191182E-01  1.416561E-02  1.152105E-02
1.211022E-01  1.429151E-02  1.153585E-02
1.230862E-01  1.440993E-02  1.154994E-02
1.250701E-01  1.452079E-02  1.156318E-02
1.270541E-01  1.462500E-02  1.157541E-02
1.290381E-01  1.472336E-02  1.158685E-02
1.310220E-01  1.481592E-02  1.159781E-02
1.330060E-01  1.490268E-02  1.160855E-02
1.349900E-01  1.498370E-02  1.161922E-02
1.369739E-01  1.505900E-02  1.162992E-02
1.389579E-01  1.512863E-02  1.164068E-02
1.409419E-01  1.519264E-02  1.165150E-02
1.429259E-01  1.525109E-02  1.166230E-02
1.449098E-01  1.530402E-02  1.167300E-02
1.468938E-01  1.535149E-02  1.168345E-02
1.488778E-01  1.539357E-02  1.169351E-02
1.508617E-01  1.543031E-02  1.170297E-02
1.528457E-01  1.546187E-02  1.171168E-02
1.548297E-01  1.548839E-02  1.171973E-02
1.568136E-01  1.551002E-02  1.172721E-02
1.587976E-01  1.552692E-02  1.173418E-02
1.607816E-01  1.553922E-02  1.174066E-02
1.627655E-01  1.554705E-02  1.174664E-02
1.647495E-01  1.555054E-02  1.175208E-02
1.667335E-01  1.554982E-02  1.175692E-02
1.687174E-01  1.554500E-02  1.176108E-02
1.707014E-01  1.553620E-02  1.176446E-02
1.726854E-01  1.552353E-02  1.176696E-02
1.746693E-01  1.550710E-02  1.176845E-02
1.766533E-01  1.548675E-02  1.176872E-02
1.786373E-01  1.546219E-02  1.176766E-02
1.806212E-01  1.543362E-02  1.176532E-02
1.826052E-01  1.540124E-02  1.176178E-02
1.845892E-01  1.536526E-02  1.175708E-02
1.865731E-01  1.532586E-02  1.175123E-02
1.885571E-01  1.528321E-02  1.174427E-02
1.905411E-01  1.523749E-02  1.173618E-02
1.925251E-01  1.518885E-02  1.172697E-02
1.945090E-01  1.513745E-02  1.171660E-02
1.964930E-01  1.508344E-02  1.170505E-02
1.984770E-01  1.502696E-02  1.169228E-02
2.004609E-01  1.496810E-02  1.167824E-02
2.024449E-01  1.490628E-02  1.166256E-02
2.044289E-01  1.484138E-02  1.164518E-02
2.064128E-01  1.477360E-02  1.162618E-02
2.083968E-01  1.470313E-02  1.160568E-02
2.103808E-01  1.463015E-02  1.158374E-02
2.123647E-01  1.455485E-02  1.156043E-02
2.143487E-01  1.447740E-02  1.153582E-02
2.163327E-01  1.439794E-02  1.150997E-02
2.183166E-01  1.431663E-02  1.148291E-02
2.203006E-01  1.423362E-02  1.145470E-02
2.222846E-01  1.414905E-02  1.142535E-02
2.242685E-01  1.406304E-02  1.139490E-02
2.262525E-01  1.397550E-02  1.136322E-02
2.282365E-01  1.388569E-02  1.132978E-02
2.302204E-01  1.379374E-02  1.129469E-02
2.322044E-01  1.369985E-02  1.125806E-02
2.341884E-01  1.360421E-02  1.122003E-02
2.361723E-01  1.350699E-02  1.118073E-02
2.381563E-01  1.340837E-02  1.114024E-02
2.401403E-01  1.330851E-02  1.109869E-02
2.421242E-01  1.320757E-02  1.105615E-02
2.441082E-01  1.310569E-02  1.101271E-02
2.460922E-01  1.300302E-02  1.096846E-02
2.480762E-01  1.289970E-02  1.092346E-02
2.500601E-01  1.279585E-02  1.087777E-02
2.520441E-01  1.269099E-02  1.083098E-02
2.540281E-01  1.258474E-02  1.078277E-02
2.560120E-01  1.247726E-02  1.073328E-02
2.579960E-01  1.236870E-02  1.068264E-02
2.599800E-01  1.225921E-02  1.063097E-02
2.619639E-01  1.214895E-02  1.057841E-02
2.639479E-01  1.203803E-02  1.052504E-02
2.659319E-01  1.192659E-02  1.047100E-02
2.679158E-01  1.181476E-02  1.041636E-02
2.698998E-01  1.170265E-02  1.036122E-02
2.718838E-01  1.159039E-02  1.030566E-02
2.738677E-01  1.147808E-02  1.024978E-02
2.758517E-01  1.136573E-02  1.019354E-02
2.778357E-01  1.125268E-02  1.013633E-02
2.798196E-01  1.113891E-02  1.007815E-02
2.818036E-01  1.102457E-02  1.001912E-02
2.837876E-01  1.090978E-02  9.959383E-03
2.857715E-01  1.079468E-02  9.899066E-03
2.877555E-01  1.067940E-02  9.838285E-03
2.897395E-01  1.056405E-02  9.777152E-03
2.917234E-01  1.044875E-02  9.715773E-03
2.937074E-01  1.033362E-02  9.654244E-03
2.956914E-01  1.021875E-02  9.592659E-03
2.976754E-01  1.010425E-02  9.531100E-03
2.996593E-01  9.990226E-03  9.469649E-03
3.016433E-01  9.876462E-03  9.408082E-03
3.036273E-01  9.762497E-03  9.345940E-03
3.056112E-01  9.648424E-03  9.283323E-03
3.075952E-01  9.534342E-03  9.220335E-03
3.095792E-01  9.420348E-03  9.157077E-03
3.115631E-01  9.306535E-03  9.093644E-03
3.135471E-01  9.192993E-03  9.030125E-03
3.155311E-01  9.079807E-03  8.966605E-03
3.175150E-01  8.967061E-03  8.903162E-03
3.194990E-01  8.854834E-03  8.839871E-03
3.214830E-01  8.743202E-03  8.776800E-03
3.234669E-01  8.632240E-03  8.714015E-03
3.254509E-01  8.522000E-03  8.651556E-03
3.274349E-01  8.412084E-03  8.589001E-03
3.294188E-01  8.302366E-03  8.526222E-03
3.314028E-01  8.192929E-03  8.463308E-03
3.333868E-01  8.083849E-03  8.400342E-03
3.353707E-01  7.975203E-03  8.337402E-03
3.373547E-01  7.867064E-03  8.274562E-03
3.393387E-01  7.759501E-03  8.211892E-03
3.413226E-01  7.652583E-03  8.149456E-03
3.433066E-01  7.546374E-03  8.087315E-03
3.452906E-01  7.440937E-03  8.025525E-03
3.472745E-01  7.336334E-03  7.964140E-03
3.492585E-01  7.232621E-03  7.903206E-03
3.512425E-01  7.129748E-03  7.842653E-03
3.532265E-01  7.027368E-03  7.782104E-03
3.552104E-01  6.925502E-03  7.721582E-03
3.571944E-01  6.824206E-03  7.661151E-03
3.591784E-01  6.723535E-03  7.600870E-03
3.611623E-01  6.623542E-03  7.540794E-03
3.631463E-01  6.524278E-03  7.480976E-03
3.651303E-01  6.425792E-03  7.421464E-03
3.671142E-01  6.328132E-03  7.362305E-03
3.690982E-01  6.231343E-03  7.303540E-03
3.710822E-01  6.135470E-03  7.245208E-03
3.730661E-01  6.040556E-03  7.187345E-03
3.750501E-01  5.946641E-03  7.129985E-03
3.770341E-01  5.853560E-03  7.072913E-03
3.790180E-01  5.761166E-03  7.015950E-03
3.810020E-01  5.669493E-03  6.959140E-03
3.829860E-01  5.578575E-03  6.902526E-03
3.849699E-01  5.488445E-03  6.846148E-03
3.869539E-01  5.399133E-03  6.790044E-03
3.889379E-01  5.310671E-03  6.734250E-03
3.909218E-01  5.223087E-03  6.678799E-03
3.929058E-01  5.136410E-03  6.623725E-03
3.948898E-01  5.050668E-03  6.569055E-03
3.968737E-01  4.965886E-03  6.514818E-03
3.988577E-01  4.882090E-03  6.461040E-03
4.008417E-01  4.799281E-03  6.407713E-03
4.028257E-01  4.717299E-03  6.354592E-03
4.048096E-01  4.636120E-03  6.301646E-03
4.067936E-01  4.555763E-03  6.248902E-03
4.087776E-01  4.476245E-03  6.196384E-03
4.107615E-01  4.397582E-03  6.144116E-03
4.127455E-01  4.319791E-03  6.092121E-03
4.147295E-01  4.242886E-03  6.040420E-03
4.167134E-01  4.166884E-03  5.989033E-03
4.186974E-01  4.091798E-03  5.937978E-03
4.206814E-01  4.017642E-03  5.887273E-03
4.226653E-01  3.944429E-03  5.836934E-03
4.246493E-01  3.872172E-03  5.786976E-03
4.266333E-01  3.800833E-03  5.737312E-03
4.286172E-01  3.730325E-03  5.687772E-03
4.306012E-01  3.660654E-03  5.638374E-03
4.325852E-01  3.591829E-03  5.589144E-03
4.345691E-01  3.523857E-03  5.540105E-03
4.365531E-01  3.456746E-03  5.491279E-03
4.385371E-01  3.390504E-03  5.442687E-03
4.405210E-01  3.325136E-03  5.394350E-03
4.425050E-01  3.260650E-03  5.346288E-03
4.444890E-01  3.197052E-03  5.298521E-03
4.464729E-01  3.134349E-03  5.251065E-03
4.484569E-01  3.072544E-03  5.203939E-03
4.504409E-01  3.011644E-03  5.157152E-03
4.524248E-01  2.951608E-03  5.110541E-03
4.544088E-01  2.892414E-03  5.064043E-03
4.563928E-01  2.834060E-03  5.017676E-03
4.583768E-01  2.776541E-03  4.971460E-03
4.603607E-01  2.719853E-03  4.925411E-03
4.623447E-01  2.663992E-03  4.879546E-03
4.643287E-01  2.608956E-03  4.833884E-03
4.663126E-01  2.554739E-03  4.788441E-03
4.682966E-01  2.501339E-03  4.743233E-03
4.702806E-01  2.448752E-03  4.698276E-03
4.722645E-01  2.396973E-03  4.653585E-03
4.742485E-01  2.345999E-03  4.609177E-03
4.762325E-01  2.295828E-03  4.565020E-03
4.782164E-01  2.246462E-03  4.520961E-03
4.802004E-01  2.197890E-03  4.476999E-03
4.821844E-01  2.150104E-03  4.433152E-03
4.841683E-01  2.103092E-03  4.389435E-03
4.861523E-01  2.056846E-03  4.345865E-03
4.881363E-01  2.011357E-03  4.302458E-03
4.901202E-01  1.966613E-03  4.259232E-03
4.921042E-01  1.922607E-03  4.216201E-03
4.940882E-01  1.879329E-03  4.173382E-03
4.960721E-01  1.836770E-03  4.130790E-03
4.980561E-01  1.794922E-03  4.088440E-03
5.000401E-01  1.753776E-03  4.046348E-03
5.020240E-01  1.713352E-03  4.004418E-03
5.040080E-01  1.673664E-03  3.962564E-03
5.059920E-01  1.634699E-03  3.920804E-03
5.079760E-01  1.596442E-03  3.879153E-03
5.099599E-01  1.558879E-03  3.837630E-03
5.119439E-01  1.521996E-03  3.796251E-03
5.139279E-01  1.485780E-03  3.755033E-03
5.159118E-01  1.450216E-03  3.713992E-03
5.178958E-01  1.415294E-03  3.673145E-03
5.198798E-01  1.380998E-03  3.632509E-03
5.218637E-01  1.347318E-03  3.592100E-03
5.238477E-01  1.314240E-03  3.551934E-03
5.258317E-01  1.281760E-03  3.512010E-03
5.278156E-01  1.249929E-03  3.472201E-03
5.297996E-01  1.218746E-03  3.432489E-03
5.317836E-01  1.188194E-03  3.392889E-03
5.337675E-01  1.158258E-03  3.353418E-03
5.357515E-01  1.128923E-03  3.314089E-03
5.377355E-01  1.100172E-03  3.274919E-03
5.397194E-01  1.071992E-03  3.235923E-03
5.417034E-01  1.044367E-03  3.197116E-03
5.436874E-01  1.017284E-03  3.158514E-03
5.456713E-01  9.907274E-04  3.120130E-03
5.476553E-01  9.646846E-04  3.081980E-03
5.496393E-01  9.391415E-04  3.044079E-03
5.516232E-01  9.141204E-04  3.006382E-03
5.536072E-01  8.896735E-04  2.968787E-03
5.555912E-01  8.657846E-04  2.931310E-03
5.575752E-01  8.424357E-04  2.893965E-03
5.595591E-01  8.196093E-04  2.856772E-03
5.615431E-01  7.972881E-04  2.819745E-03
5.635271E-01  7.754552E-04  2.782904E-03
5.655110E-01  7.540941E-04  2.746263E-03
5.674950E-01  7.331883E-04  2.709840E-03
5.694790E-01  7.127220E-04  2.673651E-03
5.714629E-01  6.926794E-04  2.637713E-03
5.734469E-01  6.730451E-04  2.602042E-03
5.754309E-01  6.538068E-04  2.566650E-03
5.774148E-01  6.350269E-04  2.531444E-03
5.793988E-01  6.167239E-04  2.496386E-03
5.813828E-01  5.988804E-04  2.461491E-03
5.833667E-01  5.814794E-04  2.426773E-03
5.853507E-01  5.645042E-04  2.392247E-03
5.873347E-01  5.479384E-04  2.357925E-03
5.893186E-01  5.317660E-04  2.323824E-03
5.913026E-01  5.159710E-04  2.289955E-03
5.932866E-01  5.005381E-04  2.256333E-03
5.952705E-01  4.854519E-04  2.222972E-03
5.972545E-01  4.706976E-04  2.189886E-03
5.992385E-01  4.562604E-04  2.157087E-03
6.012224E-01  4.421474E-04  2.124564E-03
6.032064E-01  4.284268E-04  2.092232E-03
6.051904E-01  4.150908E-04  2.060091E-03
6.071743E-01  4.021235E-04  2.028152E-03
6.091583E-01  3.895090E-04  1.996428E-03
6.111423E-01  3.772321E-04  1.964930E-03
6.131263E-01  3.652775E-04  1.933668E-03
6.151102E-01  3.536304E-04  1.902654E-03
6.170942E-01  3.422762E-04  1.871899E-03
6.190782E-01  3.312006E-04  1.841414E-03
6.210621E-01  3.203894E-04  1.811210E-03
6.230461E-01  3.098288E-04  1.781298E-03
6.250301E-01  2.995053E-04  1.751689E-03
6.270140E-01  2.894597E-04  1.722338E-03
6.289980E-01  2.797290E-04  1.693202E-03
6.309820E-01  2.702988E-04  1.664291E-03
6.329659E-01  2.611553E-04  1.635614E-03
6.349499E-01  2.522844E-04  1.607180E-03
6.369339E-01  2.436728E-04  1.578997E-03
6.389178E-01  2.353069E-04  1.551075E-03
6.409018E-01  2.271737E-04  1.523423E-03
6.428858E-01  2.192604E-04  1.496050E-03
6.448697E-01  2.115542E-04  1.468965E-03
6.468537E-01  2.040428E-04  1.442176E-03
6.488377E-01  1.967138E-04  1.415693E-03
6.508216E-01  1.895633E-04  1.389516E-03
6.528056E-01  1.826483E-04  1.363596E-03
6.547896E-01  1.759729E-04  1.337923E-03
6.567735E-01  1.695249E-04  1.312503E-03
6.587575E-01  1.632926E-04  1.287342E-03
6.607415E-01  1.572645E-04  1.262445E-03
6.627255E-01  1.514292E-04  1.237818E-03
6.647094E-01  1.457755E-04  1.213465E-03
6.666934E-01  1.402925E-04  1.189393E-03
6.686774E-01  1.349693E-04  1.165607E-03
6.706613E-01  1.297953E-04  1.142111E-03
6.726453E-01  1.247601E-04  1.118912E-03
6.746293E-01  1.198535E-04  1.096015E-03
6.766132E-01  1.150922E-04  1.073407E-03
6.785972E-01  1.105190E-04  1.051056E-03
6.805812E-01  1.061246E-04  1.028966E-03
6.825651E-01  1.018986E-04  1.007141E-03
6.845491E-01  9.783054E-05  9.855832E-04
6.865331E-01  9.391033E-05  9.642973E-04
6.885170E-01  9.012795E-05  9.432867E-04
6.905010E-01  8.647358E-05  9.225551E-04
6.924850E-01  8.293755E-05  9.021061E-04
6.944689E-01  7.951034E-05  8.819435E-04
6.964529E-01  7.618259E-05  8.620709E-04
6.984369E-01  7.294510E-05  8.424919E-04
7.004208E-01  6.979037E-05  8.232095E-04
7.024048E-01  6.675524E-05  8.042072E-04
7.043888E-01  6.385269E-05  7.854764E-04
7.063727E-01  6.107462E-05  7.670168E-04
7.083567E-01  5.841308E-05  7.488283E-04
7.103407E-01  5.586024E-05  7.309107E-04
7.123246E-01  5.340840E-05  7.132640E-04
7.143086E-01  5.104998E-05  6.958881E-04
7.162926E-01  4.877752E-05  6.787832E-04
7.182766E-01  4.658367E-05  6.619491E-04
7.202605E-01  4.446121E-05  6.453860E-04
7.222445E-01  4.240303E-05  6.290941E-04
7.242285E-01  4.040214E-05  6.130733E-04
7.262124E-01  3.846142E-05  5.973235E-04
7.281964E-01  3.661296E-05  5.818417E-04
7.301804E-01  3.485459E-05  5.666253E-04
7.321643E-01  3.318027E-05  5.516718E-04
7.341483E-01  3.158407E-05  5.369790E-04
7.361323E-01  3.006015E-05  5.225444E-04
7.381162E-01  2.860275E-05  5.083660E-04
7.401002E-01  2.720621E-05  4.944414E-04
7.420842E-01  2.586496E-05  4.807687E-04
7.440681E-01  2.457351E-05  4.673457E-04
7.460521E-01  2.332645E-05  4.541704E-04
7.480361E-01  2.211845E-05  4.412409E-04
7.500200E-01  2.094429E-05  4.285553E-04
7.520040E-01  1.981887E-05  4.161198E-04
7.539880E-01  1.875674E-05  4.039387E-04
7.559719E-01  1.775345E-05  3.920074E-04
7.579559E-01  1.680462E-05  3.803216E-04
7.599399E-01  1.590592E-05  3.688770E-04
7.619238E-01  1.505311E-05  3.576692E-04
7.639078E-01  1.424198E-05  3.466941E-04
7.658918E-01  1.346842E-05  3.359478E-04
7.678758E-01  1.272835E-05  3.254261E-04
7.698597E-01  1.201778E-05  3.151251E-04
7.718437E-01  1.133274E-05  3.050410E-04
7.738277E-01  1.066937E-05  2.951700E-04
7.758116E-01  1.002626E-05  2.855113E-04
7.777956E-01  9.421378E-06  2.760851E-04
7.797796E-01  8.856452E-06  2.668913E-04
7.817635E-01  8.328214E-06  2.579234E-04
7.837475E-01  7.833443E-06  2.491753E-04
7.857315E-01  7.368961E-06  2.406410E-04
7.877154E-01  6.931640E-06  2.323143E-04
7.896994E-01  6.518397E-06  2.241894E-04
7.916834E-01  6.126193E-06  2.162605E-04
7.936673E-01  5.752034E-06  2.085220E-04
7.956513E-01  5.392972E-06  2.009680E-04
7.976353E-01  5.046099E-06  1.935932E-04
7.996192E-01  4.708552E-06  1.863922E-04
8.016032E-01  4.384008E-06  1.793742E-04
8.035872E-01  4.083168E-06  1.725624E-04
8.055711E-01  3.804447E-06  1.659507E-04
8.075551E-01  3.545927E-06  1.595323E-04
8.095391E-01  3.305719E-06  1.533004E-04
8.115230E-01  3.081958E-06  1.472484E-04
8.135070E-01  2.872808E-06  1.413696E-04
8.154910E-01  2.676457E-06  1.356577E-04
8.174749E-01  2.491122E-06  1.301063E-04
8.194589E-01  2.315042E-06  1.247091E-04
8.214429E-01  2.146482E-06  1.194599E-04
8.234269E-01  1.983734E-06  1.143526E-04
8.254108E-01  1.825373E-06  1.093825E-04
8.273948E-01  1.677948E-06  1.045785E-04
8.293788E-01  1.543979E-06  9.994939E-05
8.313627E-01  1.422194E-06  9.548740E-05
8.333467E-01  1.311338E-06  9.118471E-05
8.353307E-01  1.210174E-06  8.703364E-05
8.373146E-01  1.117483E-06  8.302661E-05
8.392986E-01  1.032062E-06  7.915616E-05
8.412826E-01  9.527241E-07  7.541494E-05
8.432665E-01  8.783008E-07  7.179570E-05
8.452505E-01  8.076383E-07  6.829128E-05
8.472345E-01  7.395993E-07  6.489465E-05
8.492184E-01  6.730621E-07  6.159885E-05
8.512024E-01  6.082815E-07  5.840731E-05
8.531864E-01  5.498239E-07  5.535426E-05
8.551703E-01  4.976010E-07  5.243670E-05
8.571543E-01  4.509699E-07  4.964741E-05
8.591383E-01  4.092960E-07  4.697925E-05
8.611222E-01  3.719535E-07  4.442518E-05
8.631062E-01  3.383249E-07  4.197825E-05
8.650902E-01  3.078013E-07  3.963163E-05
8.670741E-01  2.797817E-07  3.737855E-05
8.690581E-01  2.536735E-07  3.521237E-05
8.710421E-01  2.288919E-07  3.312649E-05
8.730261E-01  2.048601E-07  3.111445E-05
8.750100E-01  1.810091E-07  2.916986E-05
8.769940E-01  1.587121E-07  2.731361E-05
8.789780E-01  1.394552E-07  2.556547E-05
8.809619E-01  1.229052E-07  2.391831E-05
8.829459E-01  1.087332E-07  2.236510E-05
8.849299E-01  9.661433E-08  2.089890E-05
8.869138E-01  8.622844E-08  1.951286E-05
8.888978E-01  7.725933E-08  1.820021E-05
8.908818E-01  6.939505E-08  1.695430E-05
8.928657E-01  6.232775E-08  1.576855E-05
8.948497E-01  5.575362E-08  1.463645E-05
8.968337E-01  4.937289E-08  1.355161E-05
8.988176E-01  4.288972E-08  1.250770E-05
9.008016E-01  3.615709E-08  1.150251E-05
9.027856E-01  3.025461E-08  1.056656E-05
9.047695E-01  2.536258E-08  9.702700E-06
9.067535E-01  2.135712E-08  8.905123E-06
9.087375E-01  1.811599E-08  8.168078E-06
9.107214E-01  1.551848E-08  7.485896E-06
9.127054E-01  1.344544E-08  6.852978E-06
9.146894E-01  1.177927E-08  6.263797E-06
9.166733E-01  1.040386E-08  5.712899E-06
9.186573E-01  9.204583E-09  5.194899E-06
9.206413E-01  8.068311E-09  4.704481E-06
9.226253E-01  6.883354E-09  4.236396E-06
9.246092E-01  5.539462E-09  3.785465E-06
9.265932E-01  4.134187E-09  3.359309E-06
9.285772E-01  3.018804E-09  2.979200E-06
9.305611E-01  2.167696E-09  2.641499E-06
9.325451E-01  1.543748E-09  2.341864E-06
9.345291E-01  1.110311E-09  2.076006E-06
9.365130E-01  8.311934E-10  1.839688E-06
9.384970E-01  6.706580E-10  1.628730E-06
9.404810E-01  5.934149E-10  1.439001E-06
9.424649E-01  5.646164E-10  1.266423E-06
9.444489E-01  5.498514E-10  1.106970E-06
9.464329E-01  5.151405E-10  9.566641E-07
9.484168E-01  4.269306E-10  8.115783E-07
9.504008E-01  2.555913E-10  6.683942E-07
9.523848E-01  8.802804E-11  5.416645E-07
9.543687E-01  -3.074617E-11  4.372911E-07
9.563527E-01  -1.075504E-10  3.525978E-07
9.583367E-01  -1.491204E-10  2.849408E-07
9.603206E-01  -1.621097E-10  2.317086E-07
9.623046E-01  -1.530905E-10  1.903219E-07
9.642886E-01  -1.285549E-10  1.582331E-07
9.662725E-01  -9.491533E-11  1.329257E-07
9.682565E-01  -5.850603E-11  1.119144E-07
9.702405E-01  -2.558369E-11  9.274403E-08
9.722244E-01  -2.328462E-12  7.298915E-08
9.742084E-01  5.155145E-12  5.025359E-08
9.761924E-01  -3.928323E-12  2.476658E-08
9.781764E-01  -1.176089E-11  5.401664E-09
9.801603E-01  -1.663987E-11  7.713185E-09
9.821443E-01  -1.901818E-11  1.552257E-08
9.841283E-01  -1.934331E-11  1.898108E-08
9.861122E-01  -1.805746E-11  1.902402E-08
9.880962E-01  -1.559751E-11  1.657616E-08
9.900802E-01  -1.239518E-11  1.255131E-08
9.920641E-01  -8.877009E-12  7.852408E-09
9.940481E-01  -5.464455E-12  3.371675E-09
9.960321E-01  -2.573950E-12  3.560205E-11
9.980160E-01  -6.169499E-13  1.420667E-09
1.000000E+00  7.270142E-27  9.364350E-24
